1824
0.813438 0.429255 0
0.813438 0.595743 0
0.75125 0.595743 0
0.75125 0.762232 0
0.75125 0.595743 0
0.813438 0.595743 0
0.75125 0.429254 0
0.75125 0.595743 0
0.689063 0.595743 0
0.689062 0.762232 0
0.689063 0.595743 0
0.75125 0.595743 0
0.689063 0.429254 0
0.689063 0.595743 0
0.626875 0.595743 0
0.626875 0.762232 0
0.626875 0.595743 0
0.689063 0.595743 0
0.626875 0.429254 0
0.626875 0.595743 0
0.564687 0.595743 0
0.564687 0.762232 0
0.564687 0.595743 0
0.626875 0.595743 0
0.564687 0.429254 0
0.564687 0.595743 0
0.5025 0.595743 0
0.5025 0.762232 0
0.5025 0.595743 0
0.564687 0.595743 0
0.5025 0.429254 0
0.5025 0.595743 0
0.440312 0.595743 0
0.440312 0.762232 0
0.440312 0.595743 0
0.5025 0.595743 0
0.440312 0.429254 0
0.440312 0.595743 0
0.378125 0.595743 0
0.378125 0.762232 0
0.378125 0.595743 0
0.440312 0.595743 0
0.378125 0.429254 0
0.378125 0.595743 0
0.315937 0.595743 0
0.315937 0.762232 0
0.315937 0.595743 0
0.378125 0.595743 0
0.315937 0.429255 0
0.315937 0.595743 0
0.25375 0.595743 0
0.25375 0.762232 0
0.25375 0.595743 0
0.315937 0.595743 0
0.25375 0.429255 0
0.25375 0.595743 0
0.191562 0.595743 0
0.191562 0.762232 0
0.191562 0.595743 0
0.25375 0.595743 0
0.191562 0.429255 0
0.191562 0.595743 0
0.129375 0.595743 0
0.129375 0.762232 0
0.129375 0.595743 0
0.191562 0.595743 0
0.129375 0.429255 0
0.129375 0.595743 0
0.067187 0.595743 0
0.067187 0.762232 0
0.067187 0.595743 0
0.129375 0.595743 0
0.067187 0.429255 0
0.067187 0.595743 0
0.005 0.595743 0
0.004999 0.762232 0
0.005 0.595743 0
0.067187 0.595743 0
1 0.429255 0
1 0.595743 0
0.937812 0.595743 0
0.937812 0.762232 0
0.937812 0.595743 0
1 0.595743 0
0.937813 0.429255 0
0.937812 0.595743 0
0.875625 0.595743 0
0.875625 0.762232 0
0.875625 0.595743 0
0.937812 0.595743 0
0.813437 0.762232 0
0.813438 0.595743 0
0.875625 0.595743 0
0.875625 0.429255 0
0.875625 0.595743 0
0.813438 0.595743 0
0.700077 0.007721 0
0.738312 0.007721 0
0.738312 0.007721 0
0.700077 0.050665 0
0.700077 0.050665 0
0.738312 0.050665 0
0.751406 0.001647 0
0.751406 0.001647 0
0.699355 0.001647 0
0.699355 0.060107 0
0.699355 0.060107 0
0.751406 0.060107 0
0.751406 0.060107 0
0.751406 0.060107 0
0.803457 0.060107 0
0.803457 0.001647 0
0.803457 0.001647 0
0.751406 0.001647 0
0.738312 0.050665 0
0.738312 0.050665 0
0.776547 0.050665 0
0.776547 0.007721 0
0.776547 0.007721 0
0.738312 0.007721 0
0.803457 0.060107 0
0.803457 0.060107 0
0.855508 0.060107 0
0.855508 0.001647 0
0.855508 0.001647 0
0.803457 0.001647 0
0.776547 0.050665 0
0.776547 0.050665 0
0.814782 0.050665 0
0.814782 0.007721 0
0.814782 0.007721 0
0.776547 0.007721 0
0.074744 0.060107 0
0.022693 0.060107 0
0.022693 0.060107 0
0.074744 0.001647 0
0.074744 0.001647 0
0.022693 0.001647 0
0.203019 0.050665 0
0.203019 0.050665 0
0.241254 0.050665 0
0.241254 0.007721 0
0.241254 0.007721 0
0.203019 0.007721 0
0.126795 0.060107 0
0.074744 0.060107 0
0.074744 0.060107 0
0.074744 0.001647 0
0.126795 0.001647 0
0.126795 0.001647 0
0.241254 0.050665 0
0.241254 0.050665 0
0.279489 0.050665 0
0.279489 0.007721 0
0.279489 0.007721 0
0.241254 0.007721 0
0.126795 0.060107 0
0.126795 0.060107 0
0.178846 0.060107 0
0.126795 0.001647 0
0.178846 0.001647 0
0.178846 0.001647 0
0.279489 0.050665 0
0.279489 0.050665 0
0.317725 0.050665 0
0.317725 0.007721 0
0.317725 0.007721 0
0.279489 0.007721 0
0.178846 0.060107 0
0.178846 0.060107 0
0.230897 0.060107 0
0.230897 0.001647 0
0.230897 0.001647 0
0.178846 0.001647 0
0.35596 0.050665 0
0.317725 0.050665 0
0.317725 0.050665 0
0.35596 0.007721 0
0.35596 0.007721 0
0.317725 0.007721 0
0.230897 0.060107 0
0.230897 0.060107 0
0.282948 0.060107 0
0.282948 0.001647 0
0.282948 0.001647 0
0.230897 0.001647 0
0.35596 0.050665 0
0.35596 0.050665 0
0.394195 0.050665 0
0.394195 0.007721 0
0.394195 0.007721 0
0.35596 0.007721 0
0.282948 0.060107 0
0.282948 0.060107 0
0.334999 0.060107 0
0.334999 0.001647 0
0.334999 0.001647 0
0.282948 0.001647 0
0.43243 0.050665 0
0.394195 0.050665 0
0.394195 0.050665 0
0.43243 0.007721 0
0.43243 0.007721 0
0.394195 0.007721 0
0.334999 0.060107 0
0.334999 0.060107 0
0.38705 0.060107 0
0.38705 0.001647 0
0.38705 0.001647 0
0.334999 0.001647 0
0.43243 0.050665 0
0.43243 0.050665 0
0.470665 0.050665 0
0.470665 0.007721 0
0.470665 0.007721 0
0.43243 0.007721 0
0.38705 0.060107 0
0.38705 0.060107 0
0.439101 0.060107 0
0.439101 0.001647 0
0.439101 0.001647 0
0.38705 0.001647 0
0.470665 0.050665 0
0.470665 0.050665 0
0.508901 0.050665 0
0.508901 0.007721 0
0.508901 0.007721 0
0.470665 0.007721 0
0.491151 0.060107 0
0.439101 0.060107 0
0.439101 0.060107 0
0.439101 0.001647 0
0.491151 0.001647 0
0.491151 0.001647 0
0.508901 0.050665 0
0.508901 0.050665 0
0.547136 0.050665 0
0.508901 0.007721 0
0.547136 0.007721 0
0.547136 0.007721 0
0.564687 0.832077 0
0.564687 0.832077 0
0.626875 0.832077 0
0.543202 0.001647 0
0.543202 0.001647 0
0.491151 0.001647 0
0.585371 0.050665 0
0.547136 0.050665 0
0.547136 0.050665 0
0.585371 0.007721 0
0.585371 0.007721 0
0.547136 0.007721 0
0.626875 0.832077 0
0.626875 0.832077 0
0.689062 0.832077 0
0.595253 0.001647 0
0.595253 0.001647 0
0.543202 0.001647 0
0.585371 0.050665 0
0.585371 0.050665 0
0.623606 0.050665 0
0.585371 0.007721 0
0.623606 0.007721 0
0.623606 0.007721 0
0.689062 0.832077 0
0.689062 0.832077 0
0.75125 0.832077 0
0.647304 0.001647 0
0.647304 0.001647 0
0.595253 0.001647 0
0.661841 0.050665 0
0.623606 0.050665 0
0.623606 0.050665 0
0.661841 0.007721 0
0.661841 0.007721 0
0.623606 0.007721 0
0.813437 0.832077 0
0.75125 0.832077 0
0.75125 0.832077 0
0.699355 0.001647 0
0.699355 0.001647 0
0.647304 0.001647 0
0.700077 0.050665 0
0.661841 0.050665 0
0.661841 0.050665 0
0.700077 0.007721 0
0.700077 0.007721 0
0.661841 0.007721 0
0.700077 0.050665 0
0.661841 0.050665 0
0.661841 0.007721 0
0.699355 0.001647 0
0.699355 0.060107 0
0.647304 0.060107 0
0.623606 0.050665 0
0.623606 0.007721 0
0.661841 0.007721 0
0.595253 0.060107 0
0.595253 0.001647 0
0.647304 0.001647 0
0.585371 0.007721 0
0.623606 0.007721 0
0.623606 0.050665 0
0.543202 0.001647 0
0.595253 0.001647 0
0.595253 0.060107 0
0.547136 0.007721 0
0.585371 0.007721 0
0.585371 0.050665 0
0.491151 0.001647 0
0.543202 0.001647 0
0.543202 0.060107 0
0.508901 0.007721 0
0.547136 0.007721 0
0.547136 0.050665 0
0.439101 0.001647 0
0.491151 0.001647 0
0.491151 0.060107 0
0.470665 0.050665 0
0.470665 0.007721 0
0.508901 0.007721 0
0.38705 0.060107 0
0.38705 0.001647 0
0.439101 0.001647 0
0.43243 0.050665 0
0.43243 0.007721 0
0.470665 0.007721 0
0.334999 0.060107 0
0.334999 0.001647 0
0.38705 0.001647 0
0.394195 0.007721 0
0.43243 0.007721 0
0.43243 0.050665 0
0.282948 0.060107 0
0.282948 0.001647 0
0.334999 0.001647 0
0.35596 0.007721 0
0.394195 0.007721 0
0.394195 0.050665 0
0.230897 0.001647 0
0.282948 0.001647 0
0.282948 0.060107 0
0.317725 0.050665 0
0.317725 0.007721 0
0.35596 0.007721 0
0.178846 0.001647 0
0.230897 0.001647 0
0.230897 0.060107 0
0.279489 0.007721 0
0.317725 0.007721 0
0.317725 0.050665 0
0.126795 0.060107 0
0.126795 0.001647 0
0.178846 0.001647 0
0.241254 0.007721 0
0.279489 0.007721 0
0.279489 0.050665 0
0.074744 0.060107 0
0.074744 0.001647 0
0.126795 0.001647 0
0.203019 0.050665 0
0.203019 0.007721 0
0.241254 0.007721 0
0.022693 0.001647 0
0.074744 0.001647 0
0.074744 0.060107 0
0.776547 0.050665 0
0.776547 0.007721 0
0.814782 0.007721 0
0.803457 0.060107 0
0.803457 0.001647 0
0.855508 0.001647 0
0.738312 0.050665 0
0.738312 0.007721 0
0.776547 0.007721 0
0.751406 0.060107 0
0.751406 0.001647 0
0.803457 0.001647 0
0.751406 0.001647 0
0.751406 0.060107 0
0.699355 0.060107 0
0.738312 0.050665 0
0.700077 0.050665 0
0.700077 0.007721 0
0.727977 0.053648 0
0.727977 0.046952 0
0.786946 0.046952 0
0.669008 0.053648 0
0.669008 0.046952 0
0.727977 0.046952 0
0.610039 0.053648 0
0.610039 0.046952 0
0.669008 0.046952 0
0.610039 0.053648 0
0.55107 0.053648 0
0.55107 0.046952 0
0.492101 0.053648 0
0.492101 0.046952 0
0.55107 0.046952 0
0.433131 0.053648 0
0.433131 0.046952 0
0.492101 0.046952 0
0.433131 0.053648 0
0.374162 0.053648 0
0.374162 0.046952 0
0.315193 0.053648 0
0.315193 0.046952 0
0.374162 0.046952 0
0.315193 0.053648 0
0.256224 0.053648 0
0.256224 0.046952 0
0.197255 0.053648 0
0.197255 0.046952 0
0.256224 0.046952 0
0.138285 0.053648 0
0.138285 0.046952 0
0.197255 0.046952 0
0.079316 0.053648 0
0.079316 0.046952 0
0.138285 0.046952 0
0.020347 0.053648 0
0.020347 0.046952 0
0.079316 0.046952 0
0.904884 0.053648 0
0.904884 0.046952 0
0.963853 0.046952 0
0.845915 0.053648 0
0.845915 0.046952 0
0.904884 0.046952 0
0.786946 0.053648 0
0.786946 0.046952 0
0.845915 0.046952 0
0.786946 0.053648 0
0.786946 0.043515 0
0.727977 0.043515 0
0.669008 0.053648 0
0.727977 0.053648 0
0.727977 0.043515 0
0.610039 0.043515 0
0.610039 0.053648 0
0.669008 0.053648 0
0.55107 0.053648 0
0.610039 0.053648 0
0.610039 0.043515 0
0.492101 0.053648 0
0.55107 0.053648 0
0.55107 0.043515 0
0.433131 0.043515 0
0.433131 0.053648 0
0.492101 0.053648 0
0.374162 0.043515 0
0.374162 0.053648 0
0.433131 0.053648 0
0.315193 0.043515 0
0.315193 0.053648 0
0.374162 0.053648 0
0.256224 0.043515 0
0.256224 0.053648 0
0.315193 0.053648 0
0.197255 0.053648 0
0.256224 0.053648 0
0.256224 0.043515 0
0.138285 0.053648 0
0.197255 0.053648 0
0.197255 0.043516 0
0.079316 0.053648 0
0.138285 0.053648 0
0.138285 0.043516 0
0.020347 0.053648 0
0.079316 0.053648 0
0.079316 0.043516 0
0.904884 0.053648 0
0.963853 0.053648 0
0.963853 0.043516 0
0.845915 0.053648 0
0.904884 0.053648 0
0.904884 0.043515 0
0.845915 0.043515 0
0.786946 0.043515 0
0.786946 0.053648 0
0.80316 0.011867 0
0.80316 0.015399 0
0.742028 0.015399 0
0.680896 0.011867 0
0.742028 0.011867 0
0.742028 0.015399 0
0.680896 0.011867 0
0.680896 0.015398 0
0.619764 0.015398 0
0.558633 0.011867 0
0.619764 0.011867 0
0.619764 0.015398 0
0.558633 0.011867 0
0.558633 0.015398 0
0.497501 0.015398 0
0.497501 0.011867 0
0.497501 0.015398 0
0.436369 0.015398 0
0.436369 0.011867 0
0.436369 0.015398 0
0.375237 0.015399 0
0.375237 0.011867 0
0.375237 0.015399 0
0.314105 0.015399 0
0.314105 0.011867 0
0.314105 0.015399 0
0.252973 0.015399 0
0.252974 0.011867 0
0.252973 0.015399 0
0.191842 0.015399 0
0.13071 0.011868 0
0.191842 0.011868 0
0.191842 0.015399 0
0.13071 0.011868 0
0.13071 0.015399 0
0.069578 0.015399 0
0.069578 0.011868 0
0.069578 0.015399 0
0.008446 0.015399 0
0.925423 0.011868 0
0.986555 0.011868 0
0.986555 0.015399 0
0.925423 0.011868 0
0.925423 0.015399 0
0.864291 0.015399 0
0.864291 0.011867 0
0.864291 0.015399 0
0.80316 0.015399 0
0.742028 0.011867 0
0.742028 0.024605 0
0.80316 0.024605 0
0.680896 0.024605 0
0.742028 0.024605 0
0.742028 0.011867 0
0.619764 0.024605 0
0.680896 0.024605 0
0.680896 0.011867 0
0.558633 0.024605 0
0.619764 0.024605 0
0.619764 0.011867 0
0.497501 0.011867 0
0.497501 0.024605 0
0.558633 0.024605 0
0.436369 0.024605 0
0.497501 0.024605 0
0.497501 0.011867 0
0.375237 0.011867 0
0.375237 0.024605 0
0.436369 0.024605 0
0.314105 0.011867 0
0.314105 0.024605 0
0.375237 0.024605 0
0.252973 0.024605 0
0.314105 0.024605 0
0.314105 0.011867 0
0.191842 0.024605 0
0.252973 0.024605 0
0.252974 0.011867 0
0.13071 0.024605 0
0.191842 0.024605 0
0.191842 0.011868 0
0.069578 0.011868 0
0.069578 0.024605 0
0.13071 0.024605 0
0.008446 0.011868 0
0.008446 0.024605 0
0.069578 0.024605 0
0.925423 0.011868 0
0.925423 0.024605 0
0.986555 0.024605 0
0.864291 0.024605 0
0.925423 0.024605 0
0.925423 0.011868 0
0.864291 0.011867 0
0.80316 0.011867 0
0.80316 0.024605 0
0.727977 0.011869 0
0.786946 0.011869 0
0.786946 0.046952 0
0.669008 0.046952 0
0.669008 0.011868 0
0.727977 0.011869 0
0.610039 0.046952 0
0.610039 0.011868 0
0.669008 0.011868 0
0.55107 0.046952 0
0.55107 0.011868 0
0.610039 0.011868 0
0.492101 0.046952 0
0.492101 0.011868 0
0.55107 0.011868 0
0.433131 0.046952 0
0.433131 0.011868 0
0.492101 0.011868 0
0.374162 0.046952 0
0.374162 0.011869 0
0.433131 0.011868 0
0.315193 0.046952 0
0.315193 0.011869 0
0.374162 0.011869 0
0.256224 0.046952 0
0.256224 0.011869 0
0.315193 0.011869 0
0.197255 0.046952 0
0.197255 0.011869 0
0.256224 0.011869 0
0.138285 0.046952 0
0.138285 0.011869 0
0.197255 0.011869 0
0.079316 0.046952 0
0.079316 0.011869 0
0.138285 0.011869 0
0.020347 0.046952 0
0.020347 0.011869 0
0.079316 0.011869 0
0.904884 0.046952 0
0.904884 0.011869 0
0.963853 0.011869 0
0.845915 0.046952 0
0.845915 0.011869 0
0.904884 0.011869 0
0.786946 0.046952 0
0.786946 0.011869 0
0.845915 0.011869 0
0.80316 0.051053 0
0.742028 0.051053 0
0.742028 0.015399 0
0.742028 0.015399 0
0.742028 0.051053 0
0.680896 0.051053 0
0.680896 0.051053 0
0.619764 0.051053 0
0.619764 0.015398 0
0.619764 0.015398 0
0.619764 0.051053 0
0.558633 0.051053 0
0.558633 0.015398 0
0.558633 0.051053 0
0.497501 0.051053 0
0.497501 0.015398 0
0.497501 0.051053 0
0.436369 0.051053 0
0.436369 0.015398 0
0.436369 0.051053 0
0.375237 0.051053 0
0.375237 0.015399 0
0.375237 0.051053 0
0.314105 0.051053 0
0.314105 0.015399 0
0.314105 0.051053 0
0.252973 0.051053 0
0.252973 0.015399 0
0.252973 0.051053 0
0.191842 0.051053 0
0.191842 0.015399 0
0.191842 0.051053 0
0.13071 0.051053 0
0.13071 0.015399 0
0.13071 0.051053 0
0.069578 0.051053 0
0.069578 0.015399 0
0.069578 0.051053 0
0.008446 0.051053 0
0.986555 0.015399 0
0.986555 0.051053 0
0.925423 0.051053 0
0.925423 0.015399 0
0.925423 0.051053 0
0.864291 0.051053 0
0.864291 0.015399 0
0.864291 0.051053 0
0.80316 0.051053 0
0.727977 0.011869 0
0.727977 0.008345 0
0.786946 0.008345 0
0.75125 0.952224 0
0.75125 0.832077 0
0.813437 0.832077 0
0.669008 0.008345 0
0.727977 0.008345 0
0.727977 0.011869 0
0.689062 0.952224 0
0.689062 0.832077 0
0.75125 0.832077 0
0.610039 0.008345 0
0.669008 0.008345 0
0.669008 0.011868 0
0.626875 0.952224 0
0.626875 0.832077 0
0.689062 0.832077 0
0.55107 0.011868 0
0.55107 0.008345 0
0.610039 0.008345 0
0.564687 0.952224 0
0.564687 0.832077 0
0.626875 0.832077 0
0.492101 0.011868 0
0.492101 0.008345 0
0.55107 0.008345 0
0.5025 0.952224 0
0.5025 0.832077 0
0.564687 0.832077 0
0.433131 0.008345 0
0.492101 0.008345 0
0.492101 0.011868 0
0.440312 0.952224 0
0.440312 0.832077 0
0.5025 0.832077 0
0.374162 0.011869 0
0.374162 0.008345 0
0.433131 0.008345 0
0.378125 0.952224 0
0.378125 0.832077 0
0.440312 0.832077 0
0.315193 0.008345 0
0.374162 0.008345 0
0.374162 0.011869 0
0.315937 0.952224 0
0.315937 0.832077 0
0.378125 0.832077 0
0.256224 0.011869 0
0.256224 0.008345 0
0.315193 0.008345 0
0.25375 0.952224 0
0.25375 0.832077 0
0.315937 0.832077 0
0.197255 0.008345 0
0.256224 0.008345 0
0.256224 0.011869 0
0.191562 0.952224 0
0.191562 0.832077 0
0.25375 0.832077 0
0.138285 0.011869 0
0.138285 0.008345 0
0.197255 0.008345 0
0.129374 0.952224 0
0.129375 0.832077 0
0.191562 0.832077 0
0.079316 0.011869 0
0.079316 0.008345 0
0.138285 0.008345 0
0.067187 0.952224 0
0.067187 0.832077 0
0.129375 0.832077 0
0.020347 0.008345 0
0.079316 0.008345 0
0.079316 0.011869 0
0.004999 0.952224 0
0.004999 0.832077 0
0.067187 0.832077 0
0.904884 0.011869 0
0.904884 0.008345 0
0.963853 0.008345 0
0.937812 0.952224 0
0.937812 0.832077 0
1 0.832077 0
0.845915 0.008345 0
0.904884 0.008345 0
0.904884 0.011869 0
0.875625 0.952224 0
0.875625 0.832077 0
0.937812 0.832077 0
0.786946 0.008345 0
0.845915 0.008345 0
0.845915 0.011869 0
0.813437 0.952224 0
0.813437 0.832077 0
0.875625 0.832077 0
0.80316 0.054213 0
0.742028 0.054213 0
0.742028 0.051053 0
0.813438 0.234031 0
0.813438 0.359409 0
0.75125 0.359409 0
0.742028 0.054213 0
0.680896 0.054213 0
0.680896 0.051053 0
0.75125 0.234031 0
0.75125 0.359409 0
0.689063 0.359409 0
0.680896 0.051053 0
0.680896 0.054213 0
0.619764 0.054213 0
0.689063 0.234031 0
0.689063 0.359409 0
0.626875 0.359409 0
0.619764 0.051053 0
0.619764 0.054213 0
0.558633 0.054213 0
0.626875 0.234031 0
0.626875 0.359409 0
0.564687 0.359409 0
0.558633 0.051053 0
0.558633 0.054213 0
0.497501 0.054213 0
0.564688 0.234031 0
0.564687 0.359409 0
0.5025 0.359409 0
0.497501 0.051053 0
0.497501 0.054213 0
0.436369 0.054213 0
0.5025 0.234031 0
0.5025 0.359409 0
0.440312 0.359409 0
0.436369 0.051053 0
0.436369 0.054213 0
0.375237 0.054213 0
0.440312 0.234031 0
0.440312 0.359409 0
0.378125 0.359409 0
0.375237 0.054213 0
0.314105 0.054213 0
0.314105 0.051053 0
0.378125 0.234031 0
0.378125 0.359409 0
0.315937 0.359409 0
0.314105 0.051053 0
0.314105 0.054213 0
0.252973 0.054213 0
0.315937 0.234031 0
0.315937 0.359409 0
0.25375 0.359409 0
0.252973 0.051053 0
0.252973 0.054213 0
0.191842 0.054213 0
0.25375 0.234031 0
0.25375 0.359409 0
0.191562 0.359409 0
0.191842 0.051053 0
0.191842 0.054213 0
0.13071 0.054213 0
0.191562 0.234031 0
0.191562 0.359409 0
0.129375 0.359409 0
0.13071 0.051053 0
0.13071 0.054213 0
0.069578 0.054213 0
0.129375 0.234031 0
0.129375 0.359409 0
0.067187 0.359409 0
0.069578 0.054213 0
0.008446 0.054213 0
0.008446 0.051053 0
0.067187 0.234031 0
0.067187 0.359409 0
0.005 0.359409 0
0.986555 0.051053 0
0.986555 0.054213 0
0.925423 0.054213 0
1 0.234031 0
1 0.359409 0
0.937813 0.359409 0
0.925423 0.054213 0
0.864291 0.054213 0
0.864291 0.051053 0
0.937813 0.234031 0
0.937813 0.359409 0
0.875625 0.359409 0
0.864291 0.051053 0
0.864291 0.054213 0
0.80316 0.054213 0
0.875625 0.234031 0
0.875625 0.359409 0
0.813438 0.359409 0
0.75125 0.429254 0
0.813438 0.429255 0
0.75125 0.595743 0
0.813437 0.762232 0
0.75125 0.762232 0
0.813438 0.595743 0
0.689063 0.429254 0
0.75125 0.429254 0
0.689063 0.595743 0
0.75125 0.762232 0
0.689062 0.762232 0
0.75125 0.595743 0
0.626875 0.429254 0
0.689063 0.429254 0
0.626875 0.595743 0
0.689062 0.762232 0
0.626875 0.762232 0
0.689063 0.595743 0
0.564687 0.429254 0
0.626875 0.429254 0
0.564687 0.595743 0
0.626875 0.762232 0
0.564687 0.762232 0
0.626875 0.595743 0
0.5025 0.429254 0
0.564687 0.429254 0
0.5025 0.595743 0
0.564687 0.762232 0
0.5025 0.762232 0
0.564687 0.595743 0
0.440312 0.429254 0
0.5025 0.429254 0
0.440312 0.595743 0
0.5025 0.762232 0
0.440312 0.762232 0
0.5025 0.595743 0
0.378125 0.429254 0
0.440312 0.429254 0
0.378125 0.595743 0
0.440312 0.762232 0
0.378125 0.762232 0
0.440312 0.595743 0
0.315937 0.429255 0
0.378125 0.429254 0
0.315937 0.595743 0
0.378125 0.762232 0
0.315937 0.762232 0
0.378125 0.595743 0
0.25375 0.429255 0
0.315937 0.429255 0
0.25375 0.595743 0
0.315937 0.762232 0
0.25375 0.762232 0
0.315937 0.595743 0
0.191562 0.429255 0
0.25375 0.429255 0
0.191562 0.595743 0
0.25375 0.762232 0
0.191562 0.762232 0
0.25375 0.595743 0
0.129375 0.429255 0
0.191562 0.429255 0
0.129375 0.595743 0
0.191562 0.762232 0
0.129375 0.762232 0
0.191562 0.595743 0
0.067187 0.429255 0
0.129375 0.429255 0
0.067187 0.595743 0
0.129375 0.762232 0
0.067187 0.762232 0
0.129375 0.595743 0
0.005 0.429255 0
0.067187 0.429255 0
0.005 0.595743 0
0.067187 0.762232 0
0.004999 0.762232 0
0.067187 0.595743 0
0.937813 0.429255 0
1 0.429255 0
0.937812 0.595743 0
1 0.762232 0
0.937812 0.762232 0
1 0.595743 0
0.875625 0.429255 0
0.937813 0.429255 0
0.875625 0.595743 0
0.937812 0.762232 0
0.875625 0.762232 0
0.937812 0.595743 0
0.875625 0.762232 0
0.813437 0.762232 0
0.875625 0.595743 0
0.813438 0.429255 0
0.875625 0.429255 0
0.813438 0.595743 0
0.700077 0.007721 0
0.700077 0.007721 0
0.738312 0.007721 0
0.738312 0.050665 0
0.700077 0.050665 0
0.738312 0.050665 0
0.699355 0.001647 0
0.751406 0.001647 0
0.699355 0.001647 0
0.751406 0.060107 0
0.699355 0.060107 0
0.751406 0.060107 0
0.803457 0.060107 0
0.751406 0.060107 0
0.803457 0.060107 0
0.751406 0.001647 0
0.803457 0.001647 0
0.751406 0.001647 0
0.776547 0.050665 0
0.738312 0.050665 0
0.776547 0.050665 0
0.738312 0.007721 0
0.776547 0.007721 0
0.738312 0.007721 0
0.855508 0.060107 0
0.803457 0.060107 0
0.855508 0.060107 0
0.803457 0.001647 0
0.855508 0.001647 0
0.803457 0.001647 0
0.814782 0.050665 0
0.776547 0.050665 0
0.814782 0.050665 0
0.776547 0.007721 0
0.814782 0.007721 0
0.776547 0.007721 0
0.074744 0.060107 0
0.074744 0.060107 0
0.022693 0.060107 0
0.022693 0.001647 0
0.074744 0.001647 0
0.022693 0.001647 0
0.241254 0.050665 0
0.203019 0.050665 0
0.241254 0.050665 0
0.203019 0.007721 0
0.241254 0.007721 0
0.203019 0.007721 0
0.126795 0.060107 0
0.126795 0.060107 0
0.074744 0.060107 0
0.074744 0.001647 0
0.074744 0.001647 0
0.126795 0.001647 0
0.279489 0.050665 0
0.241254 0.050665 0
0.279489 0.050665 0
0.241254 0.007721 0
0.279489 0.007721 0
0.241254 0.007721 0
0.178846 0.060107 0
0.126795 0.060107 0
0.178846 0.060107 0
0.126795 0.001647 0
0.126795 0.001647 0
0.178846 0.001647 0
0.317725 0.050665 0
0.279489 0.050665 0
0.317725 0.050665 0
0.279489 0.007721 0
0.317725 0.007721 0
0.279489 0.007721 0
0.230897 0.060107 0
0.178846 0.060107 0
0.230897 0.060107 0
0.178846 0.001647 0
0.230897 0.001647 0
0.178846 0.001647 0
0.35596 0.050665 0
0.35596 0.050665 0
0.317725 0.050665 0
0.317725 0.007721 0
0.35596 0.007721 0
0.317725 0.007721 0
0.282948 0.060107 0
0.230897 0.060107 0
0.282948 0.060107 0
0.230897 0.001647 0
0.282948 0.001647 0
0.230897 0.001647 0
0.394195 0.050665 0
0.35596 0.050665 0
0.394195 0.050665 0
0.35596 0.007721 0
0.394195 0.007721 0
0.35596 0.007721 0
0.334999 0.060107 0
0.282948 0.060107 0
0.334999 0.060107 0
0.282948 0.001647 0
0.334999 0.001647 0
0.282948 0.001647 0
0.43243 0.050665 0
0.43243 0.050665 0
0.394195 0.050665 0
0.394195 0.007721 0
0.43243 0.007721 0
0.394195 0.007721 0
0.38705 0.060107 0
0.334999 0.060107 0
0.38705 0.060107 0
0.334999 0.001647 0
0.38705 0.001647 0
0.334999 0.001647 0
0.470665 0.050665 0
0.43243 0.050665 0
0.470665 0.050665 0
0.43243 0.007721 0
0.470665 0.007721 0
0.43243 0.007721 0
0.439101 0.060107 0
0.38705 0.060107 0
0.439101 0.060107 0
0.38705 0.001647 0
0.439101 0.001647 0
0.38705 0.001647 0
0.508901 0.050665 0
0.470665 0.050665 0
0.508901 0.050665 0
0.470665 0.007721 0
0.508901 0.007721 0
0.470665 0.007721 0
0.491151 0.060107 0
0.491151 0.060107 0
0.439101 0.060107 0
0.439101 0.001647 0
0.439101 0.001647 0
0.491151 0.001647 0
0.547136 0.050665 0
0.508901 0.050665 0
0.547136 0.050665 0
0.508901 0.007721 0
0.508901 0.007721 0
0.547136 0.007721 0
0.626875 0.832077 0
0.564687 0.832077 0
0.626875 0.832077 0
0.491151 0.001647 0
0.543202 0.001647 0
0.491151 0.001647 0
0.585371 0.050665 0
0.585371 0.050665 0
0.547136 0.050665 0
0.547136 0.007721 0
0.585371 0.007721 0
0.547136 0.007721 0
0.689062 0.832077 0
0.626875 0.832077 0
0.689062 0.832077 0
0.543202 0.001647 0
0.595253 0.001647 0
0.543202 0.001647 0
0.623606 0.050665 0
0.585371 0.050665 0
0.623606 0.050665 0
0.585371 0.007721 0
0.585371 0.007721 0
0.623606 0.007721 0
0.75125 0.832077 0
0.689062 0.832077 0
0.75125 0.832077 0
0.595253 0.001647 0
0.647304 0.001647 0
0.595253 0.001647 0
0.661841 0.050665 0
0.661841 0.050665 0
0.623606 0.050665 0
0.623606 0.007721 0
0.661841 0.007721 0
0.623606 0.007721 0
0.813437 0.832077 0
0.813437 0.832077 0
0.75125 0.832077 0
0.647304 0.001647 0
0.699355 0.001647 0
0.647304 0.001647 0
0.700077 0.050665 0
0.700077 0.050665 0
0.661841 0.050665 0
0.661841 0.007721 0
0.700077 0.007721 0
0.661841 0.007721 0
0.700077 0.007721 0
0.700077 0.050665 0
0.661841 0.007721 0
0.647304 0.001647 0
0.699355 0.001647 0
0.647304 0.060107 0
0.661841 0.050665 0
0.623606 0.050665 0
0.661841 0.007721 0
0.647304 0.060107 0
0.595253 0.060107 0
0.647304 0.001647 0
0.585371 0.050665 0
0.585371 0.007721 0
0.623606 0.050665 0
0.543202 0.060107 0
0.543202 0.001647 0
0.595253 0.060107 0
0.547136 0.050665 0
0.547136 0.007721 0
0.585371 0.050665 0
0.491151 0.060107 0
0.491151 0.001647 0
0.543202 0.060107 0
0.508901 0.050665 0
0.508901 0.007721 0
0.547136 0.050665 0
0.439101 0.060107 0
0.439101 0.001647 0
0.491151 0.060107 0
0.508901 0.050665 0
0.470665 0.050665 0
0.508901 0.007721 0
0.439101 0.060107 0
0.38705 0.060107 0
0.439101 0.001647 0
0.470665 0.050665 0
0.43243 0.050665 0
0.470665 0.007721 0
0.38705 0.060107 0
0.334999 0.060107 0
0.38705 0.001647 0
0.394195 0.050665 0
0.394195 0.007721 0
0.43243 0.050665 0
0.334999 0.060107 0
0.282948 0.060107 0
0.334999 0.001647 0
0.35596 0.050665 0
0.35596 0.007721 0
0.394195 0.050665 0
0.230897 0.060107 0
0.230897 0.001647 0
0.282948 0.060107 0
0.35596 0.050665 0
0.317725 0.050665 0
0.35596 0.007721 0
0.178846 0.060107 0
0.178846 0.001647 0
0.230897 0.060107 0
0.279489 0.050665 0
0.279489 0.007721 0
0.317725 0.050665 0
0.178846 0.060107 0
0.126795 0.060107 0
0.178846 0.001647 0
0.241254 0.050665 0
0.241254 0.007721 0
0.279489 0.050665 0
0.126795 0.060107 0
0.074744 0.060107 0
0.126795 0.001647 0
0.241254 0.050665 0
0.203019 0.050665 0
0.241254 0.007721 0
0.022693 0.060107 0
0.022693 0.001647 0
0.074744 0.060107 0
0.814782 0.050665 0
0.776547 0.050665 0
0.814782 0.007721 0
0.855508 0.060107 0
0.803457 0.060107 0
0.855508 0.001647 0
0.776547 0.050665 0
0.738312 0.050665 0
0.776547 0.007721 0
0.803457 0.060107 0
0.751406 0.060107 0
0.803457 0.001647 0
0.699355 0.001647 0
0.751406 0.001647 0
0.699355 0.060107 0
0.738312 0.007721 0
0.738312 0.050665 0
0.700077 0.007721 0
0.786946 0.053648 0
0.727977 0.053648 0
0.786946 0.046952 0
0.727977 0.053648 0
0.669008 0.053648 0
0.727977 0.046952 0
0.669008 0.053648 0
0.610039 0.053648 0
0.669008 0.046952 0
0.610039 0.046952 0
0.610039 0.053648 0
0.55107 0.046952 0
0.55107 0.053648 0
0.492101 0.053648 0
0.55107 0.046952 0
0.492101 0.053648 0
0.433131 0.053648 0
0.492101 0.046952 0
0.433131 0.046952 0
0.433131 0.053648 0
0.374162 0.046952 0
0.374162 0.053648 0
0.315193 0.053648 0
0.374162 0.046952 0
0.315193 0.046952 0
0.315193 0.053648 0
0.256224 0.046952 0
0.256224 0.053648 0
0.197255 0.053648 0
0.256224 0.046952 0
0.197255 0.053648 0
0.138285 0.053648 0
0.197255 0.046952 0
0.138285 0.053648 0
0.079316 0.053648 0
0.138285 0.046952 0
0.079316 0.053648 0
0.020347 0.053648 0
0.079316 0.046952 0
0.963853 0.053648 0
0.904884 0.053648 0
0.963853 0.046952 0
0.904884 0.053648 0
0.845915 0.053648 0
0.904884 0.046952 0
0.845915 0.053648 0
0.786946 0.053648 0
0.845915 0.046952 0
0.727977 0.053648 0
0.786946 0.053648 0
0.727977 0.043515 0
0.669008 0.043515 0
0.669008 0.053648 0
0.727977 0.043515 0
0.669008 0.043515 0
0.610039 0.043515 0
0.669008 0.053648 0
0.55107 0.043515 0
0.55107 0.053648 0
0.610039 0.043515 0
0.492101 0.043515 0
0.492101 0.053648 0
0.55107 0.043515 0
0.492101 0.043515 0
0.433131 0.043515 0
0.492101 0.053648 0
0.433131 0.043515 0
0.374162 0.043515 0
0.433131 0.053648 0
0.374162 0.043515 0
0.315193 0.043515 0
0.374162 0.053648 0
0.315193 0.043515 0
0.256224 0.043515 0
0.315193 0.053648 0
0.197255 0.043516 0
0.197255 0.053648 0
0.256224 0.043515 0
0.138285 0.043516 0
0.138285 0.053648 0
0.197255 0.043516 0
0.079316 0.043516 0
0.079316 0.053648 0
0.138285 0.043516 0
0.020347 0.043516 0
0.020347 0.053648 0
0.079316 0.043516 0
0.904884 0.043515 0
0.904884 0.053648 0
0.963853 0.043516 0
0.845915 0.043515 0
0.845915 0.053648 0
0.904884 0.043515 0
0.845915 0.053648 0
0.845915 0.043515 0
0.786946 0.053648 0
0.742028 0.011867 0
0.80316 0.011867 0
0.742028 0.015399 0
0.680896 0.015398 0
0.680896 0.011867 0
0.742028 0.015399 0
0.619764 0.011867 0
0.680896 0.011867 0
0.619764 0.015398 0
0.558633 0.015398 0
0.558633 0.011867 0
0.619764 0.015398 0
0.497501 0.011867 0
0.558633 0.011867 0
0.497501 0.015398 0
0.436369 0.011867 0
0.497501 0.011867 0
0.436369 0.015398 0
0.375237 0.011867 0
0.436369 0.011867 0
0.375237 0.015399 0
0.314105 0.011867 0
0.375237 0.011867 0
0.314105 0.015399 0
0.252974 0.011867 0
0.314105 0.011867 0
0.252973 0.015399 0
0.191842 0.011868 0
0.252974 0.011867 0
0.191842 0.015399 0
0.13071 0.015399 0
0.13071 0.011868 0
0.191842 0.015399 0
0.069578 0.011868 0
0.13071 0.011868 0
0.069578 0.015399 0
0.008446 0.011868 0
0.069578 0.011868 0
0.008446 0.015399 0
0.925423 0.015399 0
0.925423 0.011868 0
0.986555 0.015399 0
0.864291 0.011867 0
0.925423 0.011868 0
0.864291 0.015399 0
0.80316 0.011867 0
0.864291 0.011867 0
0.80316 0.015399 0
0.80316 0.011867 0
0.742028 0.011867 0
0.80316 0.024605 0
0.680896 0.011867 0
0.680896 0.024605 0
0.742028 0.011867 0
0.619764 0.011867 0
0.619764 0.024605 0
0.680896 0.011867 0
0.558633 0.011867 0
0.558633 0.024605 0
0.619764 0.011867 0
0.558633 0.011867 0
0.497501 0.011867 0
0.558633 0.024605 0
0.436369 0.011867 0
0.436369 0.024605 0
0.497501 0.011867 0
0.436369 0.011867 0
0.375237 0.011867 0
0.436369 0.024605 0
0.375237 0.011867 0
0.314105 0.011867 0
0.375237 0.024605 0
0.252974 0.011867 0
0.252973 0.024605 0
0.314105 0.011867 0
0.191842 0.011868 0
0.191842 0.024605 0
0.252974 0.011867 0
0.13071 0.011868 0
0.13071 0.024605 0
0.191842 0.011868 0
0.13071 0.011868 0
0.069578 0.011868 0
0.13071 0.024605 0
0.069578 0.011868 0
0.008446 0.011868 0
0.069578 0.024605 0
0.986555 0.011868 0
0.925423 0.011868 0
0.986555 0.024605 0
0.864291 0.011867 0
0.864291 0.024605 0
0.925423 0.011868 0
0.864291 0.024605 0
0.864291 0.011867 0
0.80316 0.024605 0
0.727977 0.046952 0
0.727977 0.011869 0
0.786946 0.046952 0
0.727977 0.046952 0
0.669008 0.046952 0
0.727977 0.011869 0
0.669008 0.046952 0
0.610039 0.046952 0
0.669008 0.011868 0
0.610039 0.046952 0
0.55107 0.046952 0
0.610039 0.011868 0
0.55107 0.046952 0
0.492101 0.046952 0
0.55107 0.011868 0
0.492101 0.046952 0
0.433131 0.046952 0
0.492101 0.011868 0
0.433131 0.046952 0
0.374162 0.046952 0
0.433131 0.011868 0
0.374162 0.046952 0
0.315193 0.046952 0
0.374162 0.011869 0
0.315193 0.046952 0
0.256224 0.046952 0
0.315193 0.011869 0
0.256224 0.046952 0
0.197255 0.046952 0
0.256224 0.011869 0
0.197255 0.046952 0
0.138285 0.046952 0
0.197255 0.011869 0
0.138285 0.046952 0
0.079316 0.046952 0
0.138285 0.011869 0
0.079316 0.046952 0
0.020347 0.046952 0
0.079316 0.011869 0
0.963853 0.046952 0
0.904884 0.046952 0
0.963853 0.011869 0
0.904884 0.046952 0
0.845915 0.046952 0
0.904884 0.011869 0
0.845915 0.046952 0
0.786946 0.046952 0
0.845915 0.011869 0
0.80316 0.015399 0
0.80316 0.051053 0
0.742028 0.015399 0
0.680896 0.015398 0
0.742028 0.015399 0
0.680896 0.051053 0
0.680896 0.015398 0
0.680896 0.051053 0
0.619764 0.015398 0
0.558633 0.015398 0
0.619764 0.015398 0
0.558633 0.051053 0
0.497501 0.015398 0
0.558633 0.015398 0
0.497501 0.051053 0
0.436369 0.015398 0
0.497501 0.015398 0
0.436369 0.051053 0
0.375237 0.015399 0
0.436369 0.015398 0
0.375237 0.051053 0
0.314105 0.015399 0
0.375237 0.015399 0
0.314105 0.051053 0
0.252973 0.015399 0
0.314105 0.015399 0
0.252973 0.051053 0
0.191842 0.015399 0
0.252973 0.015399 0
0.191842 0.051053 0
0.13071 0.015399 0
0.191842 0.015399 0
0.13071 0.051053 0
0.069578 0.015399 0
0.13071 0.015399 0
0.069578 0.051053 0
0.008446 0.015399 0
0.069578 0.015399 0
0.008446 0.051053 0
0.925423 0.015399 0
0.986555 0.015399 0
0.925423 0.051053 0
0.864291 0.015399 0
0.925423 0.015399 0
0.864291 0.051053 0
0.80316 0.015399 0
0.864291 0.015399 0
0.80316 0.051053 0
0.786946 0.011869 0
0.727977 0.011869 0
0.786946 0.008345 0
0.813437 0.952224 0
0.75125 0.952224 0
0.813437 0.832077 0
0.669008 0.011868 0
0.669008 0.008345 0
0.727977 0.011869 0
0.75125 0.952224 0
0.689062 0.952224 0
0.75125 0.832077 0
0.610039 0.011868 0
0.610039 0.008345 0
0.669008 0.011868 0
0.689062 0.952224 0
0.626875 0.952224 0
0.689062 0.832077 0
0.610039 0.011868 0
0.55107 0.011868 0
0.610039 0.008345 0
0.626875 0.952224 0
0.564687 0.952224 0
0.626875 0.832077 0
0.55107 0.011868 0
0.492101 0.011868 0
0.55107 0.008345 0
0.564687 0.952224 0
0.5025 0.952224 0
0.564687 0.832077 0
0.433131 0.011868 0
0.433131 0.008345 0
0.492101 0.011868 0
0.5025 0.952224 0
0.440312 0.952224 0
0.5025 0.832077 0
0.433131 0.011868 0
0.374162 0.011869 0
0.433131 0.008345 0
0.440312 0.952224 0
0.378125 0.952224 0
0.440312 0.832077 0
0.315193 0.011869 0
0.315193 0.008345 0
0.374162 0.011869 0
0.378125 0.952224 0
0.315937 0.952224 0
0.378125 0.832077 0
0.315193 0.011869 0
0.256224 0.011869 0
0.315193 0.008345 0
0.315937 0.952224 0
0.25375 0.952224 0
0.315937 0.832077 0
0.197255 0.011869 0
0.197255 0.008345 0
0.256224 0.011869 0
0.25375 0.952224 0
0.191562 0.952224 0
0.25375 0.832077 0
0.197255 0.011869 0
0.138285 0.011869 0
0.197255 0.008345 0
0.191562 0.952224 0
0.129374 0.952224 0
0.191562 0.832077 0
0.138285 0.011869 0
0.079316 0.011869 0
0.138285 0.008345 0
0.129374 0.952224 0
0.067187 0.952224 0
0.129375 0.832077 0
0.020347 0.011869 0
0.020347 0.008345 0
0.079316 0.011869 0
0.067187 0.952224 0
0.004999 0.952224 0
0.067187 0.832077 0
0.963853 0.011869 0
0.904884 0.011869 0
0.963853 0.008345 0
1 0.952224 0
0.937812 0.952224 0
1 0.832077 0
0.845915 0.011869 0
0.845915 0.008345 0
0.904884 0.011869 0
0.937812 0.952224 0
0.875625 0.952224 0
0.937812 0.832077 0
0.786946 0.011869 0
0.786946 0.008345 0
0.845915 0.011869 0
0.875625 0.952224 0
0.813437 0.952224 0
0.875625 0.832077 0
0.80316 0.051053 0
0.80316 0.054213 0
0.742028 0.051053 0
0.75125 0.234031 0
0.813438 0.234031 0
0.75125 0.359409 0
0.742028 0.051053 0
0.742028 0.054213 0
0.680896 0.051053 0
0.689063 0.234031 0
0.75125 0.234031 0
0.689063 0.359409 0
0.619764 0.051053 0
0.680896 0.051053 0
0.619764 0.054213 0
0.626875 0.234031 0
0.689063 0.234031 0
0.626875 0.359409 0
0.558633 0.051053 0
0.619764 0.051053 0
0.558633 0.054213 0
0.564688 0.234031 0
0.626875 0.234031 0
0.564687 0.359409 0
0.497501 0.051053 0
0.558633 0.051053 0
0.497501 0.054213 0
0.5025 0.234031 0
0.564688 0.234031 0
0.5025 0.359409 0
0.436369 0.051053 0
0.497501 0.051053 0
0.436369 0.054213 0
0.440312 0.234031 0
0.5025 0.234031 0
0.440312 0.359409 0
0.375237 0.051053 0
0.436369 0.051053 0
0.375237 0.054213 0
0.378125 0.234031 0
0.440312 0.234031 0
0.378125 0.359409 0
0.375237 0.051053 0
0.375237 0.054213 0
0.314105 0.051053 0
0.315937 0.234031 0
0.378125 0.234031 0
0.315937 0.359409 0
0.252973 0.051053 0
0.314105 0.051053 0
0.252973 0.054213 0
0.25375 0.234031 0
0.315937 0.234031 0
0.25375 0.359409 0
0.191842 0.051053 0
0.252973 0.051053 0
0.191842 0.054213 0
0.191562 0.234031 0
0.25375 0.234031 0
0.191562 0.359409 0
0.13071 0.051053 0
0.191842 0.051053 0
0.13071 0.054213 0
0.129375 0.234031 0
0.191562 0.234031 0
0.129375 0.359409 0
0.069578 0.051053 0
0.13071 0.051053 0
0.069578 0.054213 0
0.067187 0.234031 0
0.129375 0.234031 0
0.067187 0.359409 0
0.069578 0.051053 0
0.069578 0.054213 0
0.008446 0.051053 0
0.005 0.234031 0
0.067187 0.234031 0
0.005 0.359409 0
0.925423 0.051053 0
0.986555 0.051053 0
0.925423 0.054213 0
0.937813 0.234031 0
1 0.234031 0
0.937813 0.359409 0
0.925423 0.051053 0
0.925423 0.054213 0
0.864291 0.051053 0
0.875625 0.234031 0
0.937813 0.234031 0
0.875625 0.359409 0
0.80316 0.051053 0
0.864291 0.051053 0
0.80316 0.054213 0
0.813438 0.234031 0
0.875625 0.234031 0
0.813438 0.359409 0
0.862017 0.231688 0
0.730054 0.257937 0
0.841927 0.183186 0
0.603247 0.715246 0
0.583591 0.762574 0
0.47445 0.6895 0
0.862017 0.284186 0
0.730054 0.257937 0
0.862017 0.231688 0
0.603296 0.663998 0
0.603247 0.715246 0
0.47445 0.6895 0
0.841927 0.332688 0
0.730054 0.257937 0
0.862017 0.284186 0
0.583728 0.616632 0
0.603296 0.663998 0
0.47445 0.6895 0
0.804805 0.369809 0
0.730054 0.257937 0
0.841927 0.332688 0
0.547525 0.58036 0
0.583728 0.616632 0
0.47445 0.6895 0
0.756303 0.389899 0
0.730054 0.257937 0
0.804805 0.369809 0
0.500196 0.560703 0
0.547525 0.58036 0
0.47445 0.6895 0
0.703805 0.389899 0
0.730054 0.257937 0
0.756303 0.389899 0
0.448948 0.560655 0
0.500196 0.560703 0
0.47445 0.6895 0
0.655303 0.369809 0
0.730054 0.257937 0
0.703805 0.389899 0
0.401582 0.580222 0
0.448948 0.560655 0
0.47445 0.6895 0
0.618182 0.332688 0
0.730054 0.257937 0
0.655303 0.369809 0
0.36531 0.616426 0
0.401582 0.580222 0
0.47445 0.6895 0
0.598091 0.284186 0
0.730054 0.257937 0
0.618182 0.332688 0
0.345654 0.663754 0
0.36531 0.616426 0
0.47445 0.6895 0
0.598091 0.231688 0
0.730054 0.257937 0
0.598091 0.284186 0
0.345605 0.715003 0
0.345654 0.663754 0
0.47445 0.6895 0
0.618182 0.183186 0
0.730054 0.257937 0
0.598091 0.231688 0
0.365172 0.762368 0
0.345605 0.715003 0
0.47445 0.6895 0
0.655303 0.146064 0
0.730054 0.257937 0
0.618182 0.183186 0
0.401376 0.79864 0
0.365172 0.762368 0
0.47445 0.6895 0
0.703805 0.125974 0
0.730054 0.257937 0
0.655303 0.146064 0
0.448705 0.818297 0
0.401376 0.79864 0
0.47445 0.6895 0
0.756303 0.125974 0
0.730054 0.257937 0
0.703805 0.125974 0
0.499953 0.818345 0
0.448705 0.818297 0
0.47445 0.6895 0
0.804805 0.146064 0
0.730054 0.257937 0
0.756303 0.125974 0
0.547319 0.798778 0
0.499953 0.818345 0
0.47445 0.6895 0
0.841927 0.183186 0
0.730054 0.257937 0
0.804805 0.146064 0
0.583591 0.762574 0
0.547319 0.798778 0
0.47445 0.6895 0
