1824
0.734211 -0.596368 -0.734211
0.779276 0 -0.779275
1.01817 0 -0.42174
0.959293 0.596368 -0.397351
1.01817 0 -0.42174
0.779276 0 -0.779275
0.959293 -0.596368 -0.397352
1.01817 0 -0.42174
1.10206 0 1e-006
1.03833 0.596368 1e-006
1.10206 0 1e-006
1.01817 0 -0.42174
1.03833 -0.596368 0
1.10206 0 1e-006
1.01817 0 0.421742
0.959292 0.596368 0.397353
1.01817 0 0.421742
1.10206 0 1e-006
0.959293 -0.596368 0.397353
1.01817 0 0.421742
0.779275 0 0.779276
0.73421 0.596368 0.734212
0.779275 0 0.779276
1.01817 0 0.421742
0.734211 -0.596368 0.734211
0.779275 0 0.779276
0.42174 0 1.01817
0.397351 0.596368 0.959293
0.42174 0 1.01817
0.779275 0 0.779276
0.397352 -0.596368 0.959293
0.42174 0 1.01817
-1e-006 0 1.10206
-1e-006 0.596368 1.03833
-1e-006 0 1.10206
0.42174 0 1.01817
-0 -0.596368 1.03833
-1e-006 0 1.10206
-0.421742 0 1.01817
-0.397354 0.596368 0.959292
-0.421742 0 1.01817
-1e-006 0 1.10206
-0.397353 -0.596368 0.959293
-0.421742 0 1.01817
-0.779276 0 0.779274
-0.734212 0.596368 0.73421
-0.779276 0 0.779274
-0.421742 0 1.01817
-0.734211 -0.596368 0.734211
-0.779276 0 0.779274
-1.01817 0 0.42174
-0.959294 0.596368 0.39735
-1.01817 0 0.42174
-0.779276 0 0.779274
-0.959293 -0.596368 0.397352
-1.01817 0 0.42174
-1.10206 0 -1e-006
-1.03833 0.596368 -2e-006
-1.10206 0 -1e-006
-1.01817 0 0.42174
-1.03833 -0.596368 -1e-006
-1.10206 0 -1e-006
-1.01817 0 -0.421742
-0.959292 0.596368 -0.397354
-1.01817 0 -0.421742
-1.10206 0 -1e-006
-0.959293 -0.596368 -0.397353
-1.01817 0 -0.421742
-0.779274 0 -0.779276
-0.734209 0.596368 -0.734213
-0.779274 0 -0.779276
-1.01817 0 -0.421742
-0.73421 -0.596368 -0.734212
-0.779274 0 -0.779276
-0.421739 0 -1.01817
-0.39735 0.596368 -0.959294
-0.421739 0 -1.01817
-0.779274 0 -0.779276
-0.397351 -0.596368 -0.959293
-0.421739 0 -1.01817
2e-006 0 -1.10206
3e-006 0.596368 -1.03833
2e-006 0 -1.10206
-0.421739 0 -1.01817
1e-006 -0.596368 -1.03833
2e-006 0 -1.10206
0.421743 0 -1.01817
0.397355 0.596368 -0.959292
0.421743 0 -1.01817
2e-006 0 -1.10206
0.734212 0.596368 -0.734211
0.779276 0 -0.779275
0.421743 0 -1.01817
0.397354 -0.596368 -0.959292
0.421743 0 -1.01817
0.779276 0 -0.779275
0.691414 -0.846556 -0.691413
0.374192 -0.846556 -0.903375
0.381675 -0.846556 -0.921442
0.734211 -0.596368 -0.734211
0.748895 -0.596368 -0.748895
0.405301 -0.596368 -0.978478
0.397355 0.596368 -0.959292
0.405302 0.596368 -0.978478
0.748896 0.596368 -0.748895
0.691414 0.846555 -0.691413
0.705242 0.846555 -0.705241
0.381677 0.846555 -0.921442
0.374193 0.846555 -0.903374
0.381677 0.846555 -0.921442
3e-006 0.846555 -0.997362
3e-006 0.596368 -1.03833
3e-006 0.596368 -1.0591
0.405302 0.596368 -0.978478
0.397354 -0.596368 -0.959292
0.405301 -0.596368 -0.978478
1e-006 -0.596368 -1.0591
1e-006 -0.846556 -0.977806
1e-006 -0.846556 -0.997362
0.381675 -0.846556 -0.921442
3e-006 0.846555 -0.977806
3e-006 0.846555 -0.997362
-0.381672 0.846555 -0.921444
-0.39735 0.596368 -0.959294
-0.405297 0.596368 -0.97848
3e-006 0.596368 -1.0591
1e-006 -0.596368 -1.03833
1e-006 -0.596368 -1.0591
-0.405298 -0.596368 -0.978479
-0.374189 -0.846556 -0.903376
-0.381673 -0.846556 -0.921443
1e-006 -0.846556 -0.997362
-0.691412 0.846555 -0.691415
-0.374188 0.846555 -0.903376
-0.381672 0.846555 -0.921444
-0.734209 0.596368 -0.734213
-0.748894 0.596368 -0.748897
-0.405297 0.596368 -0.97848
-0.397351 -0.596368 -0.959293
-0.405298 -0.596368 -0.978479
-0.748895 -0.596368 -0.748896
-0.691413 -0.846556 -0.691414
-0.705241 -0.846556 -0.705242
-0.381673 -0.846556 -0.921443
-0.903374 0.846555 -0.374192
-0.691412 0.846555 -0.691415
-0.70524 0.846555 -0.705243
-0.734209 0.596368 -0.734213
-0.959292 0.596368 -0.397354
-0.978478 0.596368 -0.405301
-0.73421 -0.596368 -0.734212
-0.748895 -0.596368 -0.748896
-0.978478 -0.596368 -0.4053
-0.903375 -0.846556 -0.374191
-0.921442 -0.846556 -0.381675
-0.705241 -0.846556 -0.705242
-0.903374 0.846555 -0.374192
-0.921442 0.846555 -0.381676
-0.997362 0.846555 -2e-006
-0.959292 0.596368 -0.397354
-1.03833 0.596368 -2e-006
-1.0591 0.596368 -2e-006
-0.959293 -0.596368 -0.397353
-0.978478 -0.596368 -0.4053
-1.0591 -0.596368 -1e-006
-0.977806 -0.846556 -1e-006
-0.997362 -0.846556 -1e-006
-0.921442 -0.846556 -0.381675
-0.977806 0.846555 -2e-006
-0.997362 0.846555 -2e-006
-0.921443 0.846555 0.381672
-0.959294 0.596368 0.39735
-0.97848 0.596368 0.405297
-1.0591 0.596368 -2e-006
-0.959293 -0.596368 0.397352
-1.03833 -0.596368 -1e-006
-1.0591 -0.596368 -1e-006
-0.903375 -0.846556 0.37419
-0.921443 -0.846556 0.381674
-0.997362 -0.846556 -1e-006
-0.903376 0.846555 0.374189
-0.921443 0.846555 0.381672
-0.705243 0.846555 0.705241
-0.734212 0.596368 0.73421
-0.748896 0.596368 0.748894
-0.97848 0.596368 0.405297
-0.959293 -0.596368 0.397352
-0.978479 -0.596368 0.405299
-0.748896 -0.596368 0.748895
-0.691414 -0.846556 0.691413
-0.705242 -0.846556 0.705241
-0.921443 -0.846556 0.381674
-0.691415 0.846555 0.691412
-0.705243 0.846555 0.705241
-0.381675 0.846555 0.921442
-0.397354 0.596368 0.959292
-0.405301 0.596368 0.978478
-0.748896 0.596368 0.748894
-0.397353 -0.596368 0.959293
-0.734211 -0.596368 0.734211
-0.748896 -0.596368 0.748895
-0.374191 -0.846556 0.903375
-0.381674 -0.846556 0.921443
-0.705242 -0.846556 0.705241
-0.374192 0.846555 0.903375
-0.381675 0.846555 0.921442
-1e-006 0.846555 0.997362
-1e-006 0.596368 1.03833
-1e-006 0.596368 1.0591
-0.405301 0.596368 0.978478
-0.397353 -0.596368 0.959293
-0.4053 -0.596368 0.978479
-0 -0.596368 1.0591
-0 -0.846556 0.977806
-0 -0.846556 0.997362
-0.381674 -0.846556 0.921443
-1e-006 0.846555 0.977806
-1e-006 0.846555 0.997362
0.381673 0.846555 0.921443
0.397351 0.596368 0.959293
0.405298 0.596368 0.978479
-1e-006 0.596368 1.0591
-0 -0.596368 1.03833
-0 -0.596368 1.0591
0.405299 -0.596368 0.978479
0.37419 -0.846556 0.903375
0.381674 -0.846556 0.921443
-0 -0.846556 0.997362
0.691413 0.846555 0.691414
0.374189 0.846555 0.903376
0.381673 0.846555 0.921443
0.397351 0.596368 0.959293
0.73421 0.596368 0.734212
0.748894 0.596368 0.748896
0.397352 -0.596368 0.959293
0.405299 -0.596368 0.978479
0.748895 -0.596368 0.748896
0.37419 -0.846556 0.903375
0.691413 -0.846556 0.691414
0.705241 -0.846556 0.705242
0.691413 0.846555 0.691414
0.705241 0.846555 0.705243
0.921442 0.846555 0.381675
0.959292 0.596368 0.397353
0.978478 0.596368 0.4053
0.748894 0.596368 0.748896
0.959293 -0.596368 0.397353
0.734211 -0.596368 0.734211
0.748895 -0.596368 0.748896
0.903375 -0.846556 0.374191
0.921443 -0.846556 0.381674
0.705241 -0.846556 0.705242
0.903375 0.846555 0.374191
0.921442 0.846555 0.381675
0.997362 0.846555 1e-006
1.03833 0.596368 1e-006
1.0591 0.596368 1e-006
0.978478 0.596368 0.4053
0.959293 -0.596368 0.397353
0.978479 -0.596368 0.4053
1.0591 -0.596368 0
0.903375 -0.846556 0.374191
0.977806 -0.846556 0
0.997362 -0.846556 0
0.977806 0.846555 1e-006
0.997362 0.846555 1e-006
0.921443 0.846555 -0.381673
0.959293 0.596368 -0.397351
0.978479 0.596368 -0.405298
1.0591 0.596368 1e-006
0.959293 -0.596368 -0.397352
1.03833 -0.596368 0
1.0591 -0.596368 0
0.903375 -0.846556 -0.37419
0.921443 -0.846556 -0.381674
0.997362 -0.846556 0
0.691414 0.846555 -0.691413
0.903376 0.846555 -0.374189
0.921443 0.846555 -0.381673
0.734212 0.596368 -0.734211
0.748896 0.596368 -0.748895
0.978479 0.596368 -0.405298
0.734211 -0.596368 -0.734211
0.959293 -0.596368 -0.397352
0.978479 -0.596368 -0.405299
0.691414 -0.846556 -0.691413
0.705242 -0.846556 -0.705242
0.921443 -0.846556 -0.381674
0.748895 -0.596368 -0.748895
0.978479 -0.596368 -0.405299
0.921443 -0.846556 -0.381674
0.748896 0.596368 -0.748895
0.705242 0.846555 -0.705241
0.921443 0.846555 -0.381673
1.0591 -0.596368 0
0.997362 -0.846556 0
0.921443 -0.846556 -0.381674
0.997362 0.846555 1e-006
1.0591 0.596368 1e-006
0.978479 0.596368 -0.405298
0.921443 -0.846556 0.381674
0.997362 -0.846556 0
1.0591 -0.596368 0
0.978478 0.596368 0.4053
1.0591 0.596368 1e-006
0.997362 0.846555 1e-006
0.705241 -0.846556 0.705242
0.921443 -0.846556 0.381674
0.978479 -0.596368 0.4053
0.748894 0.596368 0.748896
0.978478 0.596368 0.4053
0.921442 0.846555 0.381675
0.381674 -0.846556 0.921443
0.705241 -0.846556 0.705242
0.748895 -0.596368 0.748896
0.405298 0.596368 0.978479
0.748894 0.596368 0.748896
0.705241 0.846555 0.705243
-0 -0.596368 1.0591
-0 -0.846556 0.997362
0.381674 -0.846556 0.921443
-1e-006 0.846555 0.997362
-1e-006 0.596368 1.0591
0.405298 0.596368 0.978479
-0.4053 -0.596368 0.978479
-0.381674 -0.846556 0.921443
-0 -0.846556 0.997362
-0.381675 0.846555 0.921442
-0.405301 0.596368 0.978478
-1e-006 0.596368 1.0591
-0.705242 -0.846556 0.705241
-0.381674 -0.846556 0.921443
-0.4053 -0.596368 0.978479
-0.705243 0.846555 0.705241
-0.748896 0.596368 0.748894
-0.405301 0.596368 0.978478
-0.921443 -0.846556 0.381674
-0.705242 -0.846556 0.705241
-0.748896 -0.596368 0.748895
-0.97848 0.596368 0.405297
-0.748896 0.596368 0.748894
-0.705243 0.846555 0.705241
-1.0591 -0.596368 -1e-006
-0.997362 -0.846556 -1e-006
-0.921443 -0.846556 0.381674
-1.0591 0.596368 -2e-006
-0.97848 0.596368 0.405297
-0.921443 0.846555 0.381672
-0.921442 -0.846556 -0.381675
-0.997362 -0.846556 -1e-006
-1.0591 -0.596368 -1e-006
-0.921442 0.846555 -0.381676
-0.978478 0.596368 -0.405301
-1.0591 0.596368 -2e-006
-0.705241 -0.846556 -0.705242
-0.921442 -0.846556 -0.381675
-0.978478 -0.596368 -0.4053
-0.70524 0.846555 -0.705243
-0.748894 0.596368 -0.748897
-0.978478 0.596368 -0.405301
-0.405298 -0.596368 -0.978479
-0.381673 -0.846556 -0.921443
-0.705241 -0.846556 -0.705242
-0.405297 0.596368 -0.97848
-0.748894 0.596368 -0.748897
-0.70524 0.846555 -0.705243
1e-006 -0.596368 -1.0591
1e-006 -0.846556 -0.997362
-0.381673 -0.846556 -0.921443
3e-006 0.846555 -0.997362
3e-006 0.596368 -1.0591
-0.405297 0.596368 -0.97848
0.405301 -0.596368 -0.978478
0.381675 -0.846556 -0.921442
1e-006 -0.846556 -0.997362
0.381677 0.846555 -0.921442
0.405302 0.596368 -0.978478
3e-006 0.596368 -1.0591
0.405302 0.596368 -0.978478
0.381677 0.846555 -0.921442
0.705242 0.846555 -0.705241
0.405301 -0.596368 -0.978478
0.748895 -0.596368 -0.748895
0.705242 -0.846556 -0.705242
0.716412 1.44806 -0.296747
0.747511 1.42277 -0.309628
0.57212 1.42277 -0.572119
0.775438 1.44806 1e-006
0.809099 1.42277 1e-006
0.747511 1.42277 -0.309628
0.716411 1.44806 0.296748
0.74751 1.42277 0.30963
0.809099 1.42277 1e-006
0.716411 1.44806 0.296748
0.548317 1.44806 0.548318
0.572119 1.42277 0.57212
0.296746 1.44806 0.716412
0.309628 1.42277 0.747511
0.572119 1.42277 0.57212
-1e-006 1.44806 0.775438
-1e-006 1.42277 0.809099
0.309628 1.42277 0.747511
-1e-006 1.44806 0.775438
-0.296749 1.44806 0.716411
-0.30963 1.42277 0.74751
-0.548319 1.44806 0.548316
-0.572121 1.42277 0.572118
-0.30963 1.42277 0.74751
-0.548319 1.44806 0.548316
-0.716412 1.44806 0.296746
-0.747511 1.42277 0.309627
-0.775438 1.44806 -2e-006
-0.809099 1.42277 -2e-006
-0.747511 1.42277 0.309627
-0.716411 1.44806 -0.296749
-0.747509 1.42277 -0.309631
-0.809099 1.42277 -2e-006
-0.548316 1.44806 -0.548319
-0.572118 1.42277 -0.572121
-0.747509 1.42277 -0.309631
-0.296745 1.44806 -0.716412
-0.309627 1.42277 -0.747511
-0.572118 1.42277 -0.572121
3e-006 1.44806 -0.775438
3e-006 1.42277 -0.809099
-0.309627 1.42277 -0.747511
0.29675 1.44806 -0.71641
0.309631 1.42277 -0.747509
3e-006 1.42277 -0.809099
0.548318 1.44806 -0.548317
0.57212 1.42277 -0.572119
0.309631 1.42277 -0.747509
0.548318 1.44806 -0.548317
0.531684 1.40979 -0.531683
0.694678 1.40979 -0.287744
0.775438 1.44806 1e-006
0.716412 1.44806 -0.296747
0.694678 1.40979 -0.287744
0.694677 1.40979 0.287746
0.716411 1.44806 0.296748
0.775438 1.44806 1e-006
0.548317 1.44806 0.548318
0.716411 1.44806 0.296748
0.694677 1.40979 0.287746
0.296746 1.44806 0.716412
0.548317 1.44806 0.548318
0.531682 1.40979 0.531684
-1e-006 1.40979 0.751913
-1e-006 1.44806 0.775438
0.296746 1.44806 0.716412
-0.287746 1.40979 0.694677
-0.296749 1.44806 0.716411
-1e-006 1.44806 0.775438
-0.531684 1.40979 0.531682
-0.548319 1.44806 0.548316
-0.296749 1.44806 0.716411
-0.694678 1.40979 0.287743
-0.716412 1.44806 0.296746
-0.548319 1.44806 0.548316
-0.775438 1.44806 -2e-006
-0.716412 1.44806 0.296746
-0.694678 1.40979 0.287743
-0.716411 1.44806 -0.296749
-0.775438 1.44806 -2e-006
-0.751913 1.40979 -2e-006
-0.548316 1.44806 -0.548319
-0.716411 1.44806 -0.296749
-0.694677 1.40979 -0.287747
-0.296745 1.44806 -0.716412
-0.548316 1.44806 -0.548319
-0.531682 1.40979 -0.531685
3e-006 1.44806 -0.775438
-0.296745 1.44806 -0.716412
-0.287743 1.40979 -0.694678
0.29675 1.44806 -0.71641
3e-006 1.44806 -0.775438
2e-006 1.40979 -0.751914
0.287747 1.40979 -0.694677
0.531684 1.40979 -0.531683
0.548318 1.44806 -0.548317
0.557227 -1.44997 -0.557227
0.569334 -1.4371 -0.569334
0.743871 -1.4371 -0.308121
0.788039 -1.44997 0
0.728053 -1.44997 -0.301569
0.743871 -1.4371 -0.308121
0.788039 -1.44997 0
0.80516 -1.4371 0
0.743871 -1.4371 0.308122
0.557227 -1.44997 0.557227
0.728053 -1.44997 0.301569
0.743871 -1.4371 0.308122
0.557227 -1.44997 0.557227
0.569334 -1.4371 0.569334
0.308122 -1.4371 0.743871
0.301569 -1.44997 0.728053
0.308122 -1.4371 0.743871
0 -1.4371 0.80516
0 -1.44997 0.788039
0 -1.4371 0.80516
-0.308121 -1.4371 0.743871
-0.301569 -1.44997 0.728053
-0.308121 -1.4371 0.743871
-0.569334 -1.4371 0.569334
-0.557227 -1.44997 0.557228
-0.569334 -1.4371 0.569334
-0.743871 -1.4371 0.308122
-0.728053 -1.44997 0.301569
-0.743871 -1.4371 0.308122
-0.80516 -1.4371 -0
-0.728053 -1.44997 -0.301569
-0.788039 -1.44997 -0
-0.80516 -1.4371 -0
-0.728053 -1.44997 -0.301569
-0.743871 -1.4371 -0.308122
-0.569334 -1.4371 -0.569335
-0.557227 -1.44997 -0.557228
-0.569334 -1.4371 -0.569335
-0.308121 -1.4371 -0.743871
1e-006 -1.44997 -0.788039
-0.301569 -1.44997 -0.728053
-0.308121 -1.4371 -0.743871
1e-006 -1.44997 -0.788039
1e-006 -1.4371 -0.80516
0.308122 -1.4371 -0.743871
0.30157 -1.44997 -0.728052
0.308122 -1.4371 -0.743871
0.569334 -1.4371 -0.569334
0.728053 -1.44997 -0.301569
0.711619 -1.40355 -0.294762
0.544649 -1.40355 -0.544649
0.770251 -1.40355 0
0.711619 -1.40355 -0.294762
0.728053 -1.44997 -0.301569
0.711619 -1.40355 0.294762
0.770251 -1.40355 0
0.788039 -1.44997 0
0.544649 -1.40355 0.544649
0.711619 -1.40355 0.294762
0.728053 -1.44997 0.301569
0.301569 -1.44997 0.728053
0.294762 -1.40355 0.711619
0.544649 -1.40355 0.544649
0 -1.40355 0.770251
0.294762 -1.40355 0.711619
0.301569 -1.44997 0.728053
-0.301569 -1.44997 0.728053
-0.294762 -1.40355 0.711619
0 -1.40355 0.770251
-0.557227 -1.44997 0.557228
-0.544649 -1.40355 0.54465
-0.294762 -1.40355 0.711619
-0.711619 -1.40355 0.294762
-0.544649 -1.40355 0.54465
-0.557227 -1.44997 0.557228
-0.770251 -1.40355 -0
-0.711619 -1.40355 0.294762
-0.728053 -1.44997 0.301569
-0.711619 -1.40355 -0.294762
-0.770251 -1.40355 -0
-0.788039 -1.44997 -0
-0.557227 -1.44997 -0.557228
-0.544649 -1.40355 -0.54465
-0.711619 -1.40355 -0.294762
-0.301569 -1.44997 -0.728053
-0.294762 -1.40355 -0.711619
-0.544649 -1.40355 -0.54465
1e-006 -1.44997 -0.788039
1e-006 -1.40355 -0.770251
-0.294762 -1.40355 -0.711619
0.294763 -1.40355 -0.711619
1e-006 -1.40355 -0.770251
1e-006 -1.44997 -0.788039
0.30157 -1.44997 -0.728052
0.557227 -1.44997 -0.557227
0.544649 -1.40355 -0.544649
0.78336 1.29024 -0.324477
0.599558 1.29024 -0.599557
0.57212 1.42277 -0.572119
0.809099 1.42277 1e-006
0.847902 1.29024 1e-006
0.78336 1.29024 -0.324477
0.74751 1.42277 0.30963
0.783359 1.29024 0.324479
0.847902 1.29024 1e-006
0.572119 1.42277 0.57212
0.599556 1.29024 0.599558
0.783359 1.29024 0.324479
0.309628 1.42277 0.747511
0.324477 1.29024 0.78336
0.599556 1.29024 0.599558
-1e-006 1.42277 0.809099
-1e-006 1.29024 0.847902
0.324477 1.29024 0.78336
-0.30963 1.42277 0.74751
-0.324479 1.29024 0.783359
-1e-006 1.29024 0.847902
-0.572121 1.42277 0.572118
-0.599558 1.29024 0.599556
-0.324479 1.29024 0.783359
-0.747511 1.42277 0.309627
-0.78336 1.29024 0.324476
-0.599558 1.29024 0.599556
-0.809099 1.42277 -2e-006
-0.847902 1.29024 -2e-006
-0.78336 1.29024 0.324476
-0.747509 1.42277 -0.309631
-0.783358 1.29024 -0.32448
-0.847902 1.29024 -2e-006
-0.572118 1.42277 -0.572121
-0.599555 1.29024 -0.599559
-0.783358 1.29024 -0.32448
-0.309627 1.42277 -0.747511
-0.324476 1.29024 -0.78336
-0.599555 1.29024 -0.599559
3e-006 1.42277 -0.809099
3e-006 1.29024 -0.847902
-0.324476 1.29024 -0.78336
0.309631 1.42277 -0.747509
0.324481 1.29024 -0.783358
3e-006 1.29024 -0.847902
0.57212 1.42277 -0.572119
0.599558 1.29024 -0.599557
0.324481 1.29024 -0.783358
0.596192 -1.30718 -0.596192
0.778962 -1.30718 -0.322657
0.743871 -1.4371 -0.308121
0.743871 -1.4371 -0.308121
0.778962 -1.30718 -0.322657
0.843142 -1.30718 0
0.843142 -1.30718 0
0.778962 -1.30718 0.322657
0.743871 -1.4371 0.308122
0.743871 -1.4371 0.308122
0.778962 -1.30718 0.322657
0.596192 -1.30718 0.596192
0.569334 -1.4371 0.569334
0.596192 -1.30718 0.596192
0.322657 -1.30718 0.778962
0.308122 -1.4371 0.743871
0.322657 -1.30718 0.778962
0 -1.30718 0.843142
0 -1.4371 0.80516
0 -1.30718 0.843142
-0.322657 -1.30718 0.778962
-0.308121 -1.4371 0.743871
-0.322657 -1.30718 0.778962
-0.596192 -1.30718 0.596192
-0.569334 -1.4371 0.569334
-0.596192 -1.30718 0.596192
-0.778962 -1.30718 0.322657
-0.743871 -1.4371 0.308122
-0.778962 -1.30718 0.322657
-0.843142 -1.30718 -0
-0.80516 -1.4371 -0
-0.843142 -1.30718 -0
-0.778962 -1.30718 -0.322657
-0.743871 -1.4371 -0.308122
-0.778962 -1.30718 -0.322657
-0.596191 -1.30718 -0.596192
-0.569334 -1.4371 -0.569335
-0.596191 -1.30718 -0.596192
-0.322656 -1.30718 -0.778962
-0.308121 -1.4371 -0.743871
-0.322656 -1.30718 -0.778962
1e-006 -1.30718 -0.843142
1e-006 -1.4371 -0.80516
1e-006 -1.30718 -0.843142
0.322657 -1.30718 -0.778962
0.308122 -1.4371 -0.743871
0.322657 -1.30718 -0.778962
0.596192 -1.30718 -0.596192
0.78336 1.29024 -0.324477
0.767694 1.27693 -0.317988
0.587568 1.27693 -0.587567
0.767694 1.27693 -0.317988
0.903376 0.846555 -0.374189
0.691414 0.846555 -0.691413
0.830946 1.27693 1e-006
0.767694 1.27693 -0.317988
0.78336 1.29024 -0.324477
0.830946 1.27693 1e-006
0.977806 0.846555 1e-006
0.903376 0.846555 -0.374189
0.767693 1.27693 0.31799
0.830946 1.27693 1e-006
0.847902 1.29024 1e-006
0.767693 1.27693 0.31799
0.903375 0.846555 0.374191
0.977806 0.846555 1e-006
0.599556 1.29024 0.599558
0.587567 1.27693 0.587568
0.767693 1.27693 0.31799
0.587567 1.27693 0.587568
0.691413 0.846555 0.691414
0.903375 0.846555 0.374191
0.324477 1.29024 0.78336
0.317988 1.27693 0.767694
0.587567 1.27693 0.587568
0.317988 1.27693 0.767694
0.374189 0.846555 0.903376
0.691413 0.846555 0.691414
-1e-006 1.27693 0.830946
0.317988 1.27693 0.767694
0.324477 1.29024 0.78336
-1e-006 1.27693 0.830946
-1e-006 0.846555 0.977806
0.374189 0.846555 0.903376
-0.324479 1.29024 0.783359
-0.317991 1.27693 0.767693
-1e-006 1.27693 0.830946
-0.317991 1.27693 0.767693
-0.374192 0.846555 0.903375
-1e-006 0.846555 0.977806
-0.587569 1.27693 0.587566
-0.317991 1.27693 0.767693
-0.324479 1.29024 0.783359
-0.587569 1.27693 0.587566
-0.691415 0.846555 0.691412
-0.374192 0.846555 0.903375
-0.78336 1.29024 0.324476
-0.767695 1.27693 0.317987
-0.587569 1.27693 0.587566
-0.767695 1.27693 0.317987
-0.903376 0.846555 0.374189
-0.691415 0.846555 0.691412
-0.830946 1.27693 -2e-006
-0.767695 1.27693 0.317987
-0.78336 1.29024 0.324476
-0.830946 1.27693 -2e-006
-0.977806 0.846555 -2e-006
-0.903376 0.846555 0.374189
-0.783358 1.29024 -0.32448
-0.767693 1.27693 -0.317991
-0.830946 1.27693 -2e-006
-0.767693 1.27693 -0.317991
-0.903374 0.846555 -0.374192
-0.977806 0.846555 -2e-006
-0.599555 1.29024 -0.599559
-0.587566 1.27693 -0.587569
-0.767693 1.27693 -0.317991
-0.587566 1.27693 -0.587569
-0.691412 0.846555 -0.691415
-0.903374 0.846555 -0.374192
-0.317987 1.27693 -0.767695
-0.587566 1.27693 -0.587569
-0.599555 1.29024 -0.599559
-0.317987 1.27693 -0.767695
-0.374188 0.846555 -0.903376
-0.691412 0.846555 -0.691415
3e-006 1.29024 -0.847902
3e-006 1.27693 -0.830946
-0.317987 1.27693 -0.767695
3e-006 1.27693 -0.830946
3e-006 0.846555 -0.977806
-0.374188 0.846555 -0.903376
0.317992 1.27693 -0.767693
3e-006 1.27693 -0.830946
3e-006 1.29024 -0.847902
0.317992 1.27693 -0.767693
0.374193 0.846555 -0.903374
3e-006 0.846555 -0.977806
0.587568 1.27693 -0.587567
0.317992 1.27693 -0.767693
0.324481 1.29024 -0.783358
0.587568 1.27693 -0.587567
0.691414 0.846555 -0.691413
0.374193 0.846555 -0.903374
0.580911 -1.29567 -0.580911
0.758997 -1.29567 -0.314387
0.778962 -1.30718 -0.322657
0.580911 -1.29567 -0.580911
0.691414 -0.846556 -0.691413
0.903375 -0.846556 -0.37419
0.758997 -1.29567 -0.314387
0.821532 -1.29567 0
0.843142 -1.30718 0
0.758997 -1.29567 -0.314387
0.903375 -0.846556 -0.37419
0.977806 -0.846556 0
0.843142 -1.30718 0
0.821532 -1.29567 0
0.758997 -1.29567 0.314387
0.821532 -1.29567 0
0.977806 -0.846556 0
0.903375 -0.846556 0.374191
0.778962 -1.30718 0.322657
0.758997 -1.29567 0.314387
0.580911 -1.29567 0.580911
0.758997 -1.29567 0.314387
0.903375 -0.846556 0.374191
0.691413 -0.846556 0.691414
0.596192 -1.30718 0.596192
0.580911 -1.29567 0.580911
0.314387 -1.29567 0.758997
0.580911 -1.29567 0.580911
0.691413 -0.846556 0.691414
0.37419 -0.846556 0.903375
0.322657 -1.30718 0.778962
0.314387 -1.29567 0.758997
0 -1.29567 0.821532
0.314387 -1.29567 0.758997
0.37419 -0.846556 0.903375
-0 -0.846556 0.977806
0 -1.30718 0.843142
0 -1.29567 0.821532
-0.314387 -1.29567 0.758997
0 -1.29567 0.821532
-0 -0.846556 0.977806
-0.374191 -0.846556 0.903375
-0.314387 -1.29567 0.758997
-0.580911 -1.29567 0.580911
-0.596192 -1.30718 0.596192
-0.314387 -1.29567 0.758997
-0.374191 -0.846556 0.903375
-0.691414 -0.846556 0.691413
-0.596192 -1.30718 0.596192
-0.580911 -1.29567 0.580911
-0.758997 -1.29567 0.314387
-0.580911 -1.29567 0.580911
-0.691414 -0.846556 0.691413
-0.903375 -0.846556 0.37419
-0.778962 -1.30718 0.322657
-0.758997 -1.29567 0.314387
-0.821532 -1.29567 -0
-0.758997 -1.29567 0.314387
-0.903375 -0.846556 0.37419
-0.977806 -0.846556 -1e-006
-0.843142 -1.30718 -0
-0.821532 -1.29567 -0
-0.758997 -1.29567 -0.314387
-0.821532 -1.29567 -0
-0.977806 -0.846556 -1e-006
-0.903375 -0.846556 -0.374191
-0.778962 -1.30718 -0.322657
-0.758997 -1.29567 -0.314387
-0.580911 -1.29567 -0.580911
-0.758997 -1.29567 -0.314387
-0.903375 -0.846556 -0.374191
-0.691413 -0.846556 -0.691414
-0.580911 -1.29567 -0.580911
-0.314386 -1.29567 -0.758997
-0.322656 -1.30718 -0.778962
-0.580911 -1.29567 -0.580911
-0.691413 -0.846556 -0.691414
-0.374189 -0.846556 -0.903376
-0.322656 -1.30718 -0.778962
-0.314386 -1.29567 -0.758997
1e-006 -1.29567 -0.821532
-0.314386 -1.29567 -0.758997
-0.374189 -0.846556 -0.903376
1e-006 -0.846556 -0.977806
1e-006 -1.29567 -0.821532
0.314388 -1.29567 -0.758996
0.322657 -1.30718 -0.778962
1e-006 -1.29567 -0.821532
1e-006 -0.846556 -0.977806
0.374192 -0.846556 -0.903375
0.322657 -1.30718 -0.778962
0.314388 -1.29567 -0.758996
0.580911 -1.29567 -0.580911
0.314388 -1.29567 -0.758996
0.374192 -0.846556 -0.903375
0.691414 -0.846556 -0.691413
0.959293 -0.596368 -0.397352
0.734211 -0.596368 -0.734211
1.01817 0 -0.42174
0.734212 0.596368 -0.734211
0.959293 0.596368 -0.397351
0.779276 0 -0.779275
1.03833 -0.596368 0
0.959293 -0.596368 -0.397352
1.10206 0 1e-006
0.959293 0.596368 -0.397351
1.03833 0.596368 1e-006
1.01817 0 -0.42174
0.959293 -0.596368 0.397353
1.03833 -0.596368 0
1.01817 0 0.421742
1.03833 0.596368 1e-006
0.959292 0.596368 0.397353
1.10206 0 1e-006
0.734211 -0.596368 0.734211
0.959293 -0.596368 0.397353
0.779275 0 0.779276
0.959292 0.596368 0.397353
0.73421 0.596368 0.734212
1.01817 0 0.421742
0.397352 -0.596368 0.959293
0.734211 -0.596368 0.734211
0.42174 0 1.01817
0.73421 0.596368 0.734212
0.397351 0.596368 0.959293
0.779275 0 0.779276
-0 -0.596368 1.03833
0.397352 -0.596368 0.959293
-1e-006 0 1.10206
0.397351 0.596368 0.959293
-1e-006 0.596368 1.03833
0.42174 0 1.01817
-0.397353 -0.596368 0.959293
-0 -0.596368 1.03833
-0.421742 0 1.01817
-1e-006 0.596368 1.03833
-0.397354 0.596368 0.959292
-1e-006 0 1.10206
-0.734211 -0.596368 0.734211
-0.397353 -0.596368 0.959293
-0.779276 0 0.779274
-0.397354 0.596368 0.959292
-0.734212 0.596368 0.73421
-0.421742 0 1.01817
-0.959293 -0.596368 0.397352
-0.734211 -0.596368 0.734211
-1.01817 0 0.42174
-0.734212 0.596368 0.73421
-0.959294 0.596368 0.39735
-0.779276 0 0.779274
-1.03833 -0.596368 -1e-006
-0.959293 -0.596368 0.397352
-1.10206 0 -1e-006
-0.959294 0.596368 0.39735
-1.03833 0.596368 -2e-006
-1.01817 0 0.42174
-0.959293 -0.596368 -0.397353
-1.03833 -0.596368 -1e-006
-1.01817 0 -0.421742
-1.03833 0.596368 -2e-006
-0.959292 0.596368 -0.397354
-1.10206 0 -1e-006
-0.73421 -0.596368 -0.734212
-0.959293 -0.596368 -0.397353
-0.779274 0 -0.779276
-0.959292 0.596368 -0.397354
-0.734209 0.596368 -0.734213
-1.01817 0 -0.421742
-0.397351 -0.596368 -0.959293
-0.73421 -0.596368 -0.734212
-0.421739 0 -1.01817
-0.734209 0.596368 -0.734213
-0.39735 0.596368 -0.959294
-0.779274 0 -0.779276
1e-006 -0.596368 -1.03833
-0.397351 -0.596368 -0.959293
2e-006 0 -1.10206
-0.39735 0.596368 -0.959294
3e-006 0.596368 -1.03833
-0.421739 0 -1.01817
0.397354 -0.596368 -0.959292
1e-006 -0.596368 -1.03833
0.421743 0 -1.01817
3e-006 0.596368 -1.03833
0.397355 0.596368 -0.959292
2e-006 0 -1.10206
0.397355 0.596368 -0.959292
0.734212 0.596368 -0.734211
0.421743 0 -1.01817
0.734211 -0.596368 -0.734211
0.397354 -0.596368 -0.959292
0.779276 0 -0.779275
0.705242 -0.846556 -0.705242
0.691414 -0.846556 -0.691413
0.381675 -0.846556 -0.921442
0.397354 -0.596368 -0.959292
0.734211 -0.596368 -0.734211
0.405301 -0.596368 -0.978478
0.734212 0.596368 -0.734211
0.397355 0.596368 -0.959292
0.748896 0.596368 -0.748895
0.374193 0.846555 -0.903374
0.691414 0.846555 -0.691413
0.381677 0.846555 -0.921442
3e-006 0.846555 -0.977806
0.374193 0.846555 -0.903374
3e-006 0.846555 -0.997362
0.397355 0.596368 -0.959292
3e-006 0.596368 -1.03833
0.405302 0.596368 -0.978478
1e-006 -0.596368 -1.03833
0.397354 -0.596368 -0.959292
1e-006 -0.596368 -1.0591
0.374192 -0.846556 -0.903375
1e-006 -0.846556 -0.977806
0.381675 -0.846556 -0.921442
-0.374188 0.846555 -0.903376
3e-006 0.846555 -0.977806
-0.381672 0.846555 -0.921444
3e-006 0.596368 -1.03833
-0.39735 0.596368 -0.959294
3e-006 0.596368 -1.0591
-0.397351 -0.596368 -0.959293
1e-006 -0.596368 -1.03833
-0.405298 -0.596368 -0.978479
1e-006 -0.846556 -0.977806
-0.374189 -0.846556 -0.903376
1e-006 -0.846556 -0.997362
-0.70524 0.846555 -0.705243
-0.691412 0.846555 -0.691415
-0.381672 0.846555 -0.921444
-0.39735 0.596368 -0.959294
-0.734209 0.596368 -0.734213
-0.405297 0.596368 -0.97848
-0.73421 -0.596368 -0.734212
-0.397351 -0.596368 -0.959293
-0.748895 -0.596368 -0.748896
-0.374189 -0.846556 -0.903376
-0.691413 -0.846556 -0.691414
-0.381673 -0.846556 -0.921443
-0.921442 0.846555 -0.381676
-0.903374 0.846555 -0.374192
-0.70524 0.846555 -0.705243
-0.748894 0.596368 -0.748897
-0.734209 0.596368 -0.734213
-0.978478 0.596368 -0.405301
-0.959293 -0.596368 -0.397353
-0.73421 -0.596368 -0.734212
-0.978478 -0.596368 -0.4053
-0.691413 -0.846556 -0.691414
-0.903375 -0.846556 -0.374191
-0.705241 -0.846556 -0.705242
-0.977806 0.846555 -2e-006
-0.903374 0.846555 -0.374192
-0.997362 0.846555 -2e-006
-0.978478 0.596368 -0.405301
-0.959292 0.596368 -0.397354
-1.0591 0.596368 -2e-006
-1.03833 -0.596368 -1e-006
-0.959293 -0.596368 -0.397353
-1.0591 -0.596368 -1e-006
-0.903375 -0.846556 -0.374191
-0.977806 -0.846556 -1e-006
-0.921442 -0.846556 -0.381675
-0.903376 0.846555 0.374189
-0.977806 0.846555 -2e-006
-0.921443 0.846555 0.381672
-1.03833 0.596368 -2e-006
-0.959294 0.596368 0.39735
-1.0591 0.596368 -2e-006
-0.978479 -0.596368 0.405299
-0.959293 -0.596368 0.397352
-1.0591 -0.596368 -1e-006
-0.977806 -0.846556 -1e-006
-0.903375 -0.846556 0.37419
-0.997362 -0.846556 -1e-006
-0.691415 0.846555 0.691412
-0.903376 0.846555 0.374189
-0.705243 0.846555 0.705241
-0.959294 0.596368 0.39735
-0.734212 0.596368 0.73421
-0.97848 0.596368 0.405297
-0.734211 -0.596368 0.734211
-0.959293 -0.596368 0.397352
-0.748896 -0.596368 0.748895
-0.903375 -0.846556 0.37419
-0.691414 -0.846556 0.691413
-0.921443 -0.846556 0.381674
-0.374192 0.846555 0.903375
-0.691415 0.846555 0.691412
-0.381675 0.846555 0.921442
-0.734212 0.596368 0.73421
-0.397354 0.596368 0.959292
-0.748896 0.596368 0.748894
-0.4053 -0.596368 0.978479
-0.397353 -0.596368 0.959293
-0.748896 -0.596368 0.748895
-0.691414 -0.846556 0.691413
-0.374191 -0.846556 0.903375
-0.705242 -0.846556 0.705241
-1e-006 0.846555 0.977806
-0.374192 0.846555 0.903375
-1e-006 0.846555 0.997362
-0.397354 0.596368 0.959292
-1e-006 0.596368 1.03833
-0.405301 0.596368 0.978478
-0 -0.596368 1.03833
-0.397353 -0.596368 0.959293
-0 -0.596368 1.0591
-0.374191 -0.846556 0.903375
-0 -0.846556 0.977806
-0.381674 -0.846556 0.921443
0.374189 0.846555 0.903376
-1e-006 0.846555 0.977806
0.381673 0.846555 0.921443
-1e-006 0.596368 1.03833
0.397351 0.596368 0.959293
-1e-006 0.596368 1.0591
0.397352 -0.596368 0.959293
-0 -0.596368 1.03833
0.405299 -0.596368 0.978479
-0 -0.846556 0.977806
0.37419 -0.846556 0.903375
-0 -0.846556 0.997362
0.705241 0.846555 0.705243
0.691413 0.846555 0.691414
0.381673 0.846555 0.921443
0.405298 0.596368 0.978479
0.397351 0.596368 0.959293
0.748894 0.596368 0.748896
0.734211 -0.596368 0.734211
0.397352 -0.596368 0.959293
0.748895 -0.596368 0.748896
0.381674 -0.846556 0.921443
0.37419 -0.846556 0.903375
0.705241 -0.846556 0.705242
0.903375 0.846555 0.374191
0.691413 0.846555 0.691414
0.921442 0.846555 0.381675
0.73421 0.596368 0.734212
0.959292 0.596368 0.397353
0.748894 0.596368 0.748896
0.978479 -0.596368 0.4053
0.959293 -0.596368 0.397353
0.748895 -0.596368 0.748896
0.691413 -0.846556 0.691414
0.903375 -0.846556 0.374191
0.705241 -0.846556 0.705242
0.977806 0.846555 1e-006
0.903375 0.846555 0.374191
0.997362 0.846555 1e-006
0.959292 0.596368 0.397353
1.03833 0.596368 1e-006
0.978478 0.596368 0.4053
1.03833 -0.596368 0
0.959293 -0.596368 0.397353
1.0591 -0.596368 0
0.921443 -0.846556 0.381674
0.903375 -0.846556 0.374191
0.997362 -0.846556 0
0.903376 0.846555 -0.374189
0.977806 0.846555 1e-006
0.921443 0.846555 -0.381673
1.03833 0.596368 1e-006
0.959293 0.596368 -0.397351
1.0591 0.596368 1e-006
0.978479 -0.596368 -0.405299
0.959293 -0.596368 -0.397352
1.0591 -0.596368 0
0.977806 -0.846556 0
0.903375 -0.846556 -0.37419
0.997362 -0.846556 0
0.705242 0.846555 -0.705241
0.691414 0.846555 -0.691413
0.921443 0.846555 -0.381673
0.959293 0.596368 -0.397351
0.734212 0.596368 -0.734211
0.978479 0.596368 -0.405298
0.748895 -0.596368 -0.748895
0.734211 -0.596368 -0.734211
0.978479 -0.596368 -0.405299
0.903375 -0.846556 -0.37419
0.691414 -0.846556 -0.691413
0.921443 -0.846556 -0.381674
0.705242 -0.846556 -0.705242
0.748895 -0.596368 -0.748895
0.921443 -0.846556 -0.381674
0.978479 0.596368 -0.405298
0.748896 0.596368 -0.748895
0.921443 0.846555 -0.381673
0.978479 -0.596368 -0.405299
1.0591 -0.596368 0
0.921443 -0.846556 -0.381674
0.921443 0.846555 -0.381673
0.997362 0.846555 1e-006
0.978479 0.596368 -0.405298
0.978479 -0.596368 0.4053
0.921443 -0.846556 0.381674
1.0591 -0.596368 0
0.921442 0.846555 0.381675
0.978478 0.596368 0.4053
0.997362 0.846555 1e-006
0.748895 -0.596368 0.748896
0.705241 -0.846556 0.705242
0.978479 -0.596368 0.4053
0.705241 0.846555 0.705243
0.748894 0.596368 0.748896
0.921442 0.846555 0.381675
0.405299 -0.596368 0.978479
0.381674 -0.846556 0.921443
0.748895 -0.596368 0.748896
0.381673 0.846555 0.921443
0.405298 0.596368 0.978479
0.705241 0.846555 0.705243
0.405299 -0.596368 0.978479
-0 -0.596368 1.0591
0.381674 -0.846556 0.921443
0.381673 0.846555 0.921443
-1e-006 0.846555 0.997362
0.405298 0.596368 0.978479
-0 -0.596368 1.0591
-0.4053 -0.596368 0.978479
-0 -0.846556 0.997362
-1e-006 0.846555 0.997362
-0.381675 0.846555 0.921442
-1e-006 0.596368 1.0591
-0.748896 -0.596368 0.748895
-0.705242 -0.846556 0.705241
-0.4053 -0.596368 0.978479
-0.381675 0.846555 0.921442
-0.705243 0.846555 0.705241
-0.405301 0.596368 0.978478
-0.978479 -0.596368 0.405299
-0.921443 -0.846556 0.381674
-0.748896 -0.596368 0.748895
-0.921443 0.846555 0.381672
-0.97848 0.596368 0.405297
-0.705243 0.846555 0.705241
-0.978479 -0.596368 0.405299
-1.0591 -0.596368 -1e-006
-0.921443 -0.846556 0.381674
-0.997362 0.846555 -2e-006
-1.0591 0.596368 -2e-006
-0.921443 0.846555 0.381672
-0.978478 -0.596368 -0.4053
-0.921442 -0.846556 -0.381675
-1.0591 -0.596368 -1e-006
-0.997362 0.846555 -2e-006
-0.921442 0.846555 -0.381676
-1.0591 0.596368 -2e-006
-0.748895 -0.596368 -0.748896
-0.705241 -0.846556 -0.705242
-0.978478 -0.596368 -0.4053
-0.921442 0.846555 -0.381676
-0.70524 0.846555 -0.705243
-0.978478 0.596368 -0.405301
-0.748895 -0.596368 -0.748896
-0.405298 -0.596368 -0.978479
-0.705241 -0.846556 -0.705242
-0.381672 0.846555 -0.921444
-0.405297 0.596368 -0.97848
-0.70524 0.846555 -0.705243
-0.405298 -0.596368 -0.978479
1e-006 -0.596368 -1.0591
-0.381673 -0.846556 -0.921443
-0.381672 0.846555 -0.921444
3e-006 0.846555 -0.997362
-0.405297 0.596368 -0.97848
1e-006 -0.596368 -1.0591
0.405301 -0.596368 -0.978478
1e-006 -0.846556 -0.997362
3e-006 0.846555 -0.997362
0.381677 0.846555 -0.921442
3e-006 0.596368 -1.0591
0.748896 0.596368 -0.748895
0.405302 0.596368 -0.978478
0.705242 0.846555 -0.705241
0.381675 -0.846556 -0.921442
0.405301 -0.596368 -0.978478
0.705242 -0.846556 -0.705242
0.548318 1.44806 -0.548317
0.716412 1.44806 -0.296747
0.57212 1.42277 -0.572119
0.716412 1.44806 -0.296747
0.775438 1.44806 1e-006
0.747511 1.42277 -0.309628
0.775438 1.44806 1e-006
0.716411 1.44806 0.296748
0.809099 1.42277 1e-006
0.74751 1.42277 0.30963
0.716411 1.44806 0.296748
0.572119 1.42277 0.57212
0.548317 1.44806 0.548318
0.296746 1.44806 0.716412
0.572119 1.42277 0.57212
0.296746 1.44806 0.716412
-1e-006 1.44806 0.775438
0.309628 1.42277 0.747511
-1e-006 1.42277 0.809099
-1e-006 1.44806 0.775438
-0.30963 1.42277 0.74751
-0.296749 1.44806 0.716411
-0.548319 1.44806 0.548316
-0.30963 1.42277 0.74751
-0.572121 1.42277 0.572118
-0.548319 1.44806 0.548316
-0.747511 1.42277 0.309627
-0.716412 1.44806 0.296746
-0.775438 1.44806 -2e-006
-0.747511 1.42277 0.309627
-0.775438 1.44806 -2e-006
-0.716411 1.44806 -0.296749
-0.809099 1.42277 -2e-006
-0.716411 1.44806 -0.296749
-0.548316 1.44806 -0.548319
-0.747509 1.42277 -0.309631
-0.548316 1.44806 -0.548319
-0.296745 1.44806 -0.716412
-0.572118 1.42277 -0.572121
-0.296745 1.44806 -0.716412
3e-006 1.44806 -0.775438
-0.309627 1.42277 -0.747511
3e-006 1.44806 -0.775438
0.29675 1.44806 -0.71641
3e-006 1.42277 -0.809099
0.29675 1.44806 -0.71641
0.548318 1.44806 -0.548317
0.309631 1.42277 -0.747509
0.716412 1.44806 -0.296747
0.548318 1.44806 -0.548317
0.694678 1.40979 -0.287744
0.751914 1.40979 1e-006
0.775438 1.44806 1e-006
0.694678 1.40979 -0.287744
0.751914 1.40979 1e-006
0.694677 1.40979 0.287746
0.775438 1.44806 1e-006
0.531682 1.40979 0.531684
0.548317 1.44806 0.548318
0.694677 1.40979 0.287746
0.287744 1.40979 0.694678
0.296746 1.44806 0.716412
0.531682 1.40979 0.531684
0.287744 1.40979 0.694678
-1e-006 1.40979 0.751913
0.296746 1.44806 0.716412
-1e-006 1.40979 0.751913
-0.287746 1.40979 0.694677
-1e-006 1.44806 0.775438
-0.287746 1.40979 0.694677
-0.531684 1.40979 0.531682
-0.296749 1.44806 0.716411
-0.531684 1.40979 0.531682
-0.694678 1.40979 0.287743
-0.548319 1.44806 0.548316
-0.751913 1.40979 -2e-006
-0.775438 1.44806 -2e-006
-0.694678 1.40979 0.287743
-0.694677 1.40979 -0.287747
-0.716411 1.44806 -0.296749
-0.751913 1.40979 -2e-006
-0.531682 1.40979 -0.531685
-0.548316 1.44806 -0.548319
-0.694677 1.40979 -0.287747
-0.287743 1.40979 -0.694678
-0.296745 1.44806 -0.716412
-0.531682 1.40979 -0.531685
2e-006 1.40979 -0.751914
3e-006 1.44806 -0.775438
-0.287743 1.40979 -0.694678
0.287747 1.40979 -0.694677
0.29675 1.44806 -0.71641
2e-006 1.40979 -0.751914
0.29675 1.44806 -0.71641
0.287747 1.40979 -0.694677
0.548318 1.44806 -0.548317
0.728053 -1.44997 -0.301569
0.557227 -1.44997 -0.557227
0.743871 -1.4371 -0.308121
0.80516 -1.4371 0
0.788039 -1.44997 0
0.743871 -1.4371 -0.308121
0.728053 -1.44997 0.301569
0.788039 -1.44997 0
0.743871 -1.4371 0.308122
0.569334 -1.4371 0.569334
0.557227 -1.44997 0.557227
0.743871 -1.4371 0.308122
0.301569 -1.44997 0.728053
0.557227 -1.44997 0.557227
0.308122 -1.4371 0.743871
0 -1.44997 0.788039
0.301569 -1.44997 0.728053
0 -1.4371 0.80516
-0.301569 -1.44997 0.728053
0 -1.44997 0.788039
-0.308121 -1.4371 0.743871
-0.557227 -1.44997 0.557228
-0.301569 -1.44997 0.728053
-0.569334 -1.4371 0.569334
-0.728053 -1.44997 0.301569
-0.557227 -1.44997 0.557228
-0.743871 -1.4371 0.308122
-0.788039 -1.44997 -0
-0.728053 -1.44997 0.301569
-0.80516 -1.4371 -0
-0.743871 -1.4371 -0.308122
-0.728053 -1.44997 -0.301569
-0.80516 -1.4371 -0
-0.557227 -1.44997 -0.557228
-0.728053 -1.44997 -0.301569
-0.569334 -1.4371 -0.569335
-0.301569 -1.44997 -0.728053
-0.557227 -1.44997 -0.557228
-0.308121 -1.4371 -0.743871
1e-006 -1.4371 -0.80516
1e-006 -1.44997 -0.788039
-0.308121 -1.4371 -0.743871
0.30157 -1.44997 -0.728052
1e-006 -1.44997 -0.788039
0.308122 -1.4371 -0.743871
0.557227 -1.44997 -0.557227
0.30157 -1.44997 -0.728052
0.569334 -1.4371 -0.569334
0.557227 -1.44997 -0.557227
0.728053 -1.44997 -0.301569
0.544649 -1.40355 -0.544649
0.788039 -1.44997 0
0.770251 -1.40355 0
0.728053 -1.44997 -0.301569
0.728053 -1.44997 0.301569
0.711619 -1.40355 0.294762
0.788039 -1.44997 0
0.557227 -1.44997 0.557227
0.544649 -1.40355 0.544649
0.728053 -1.44997 0.301569
0.557227 -1.44997 0.557227
0.301569 -1.44997 0.728053
0.544649 -1.40355 0.544649
0 -1.44997 0.788039
0 -1.40355 0.770251
0.301569 -1.44997 0.728053
0 -1.44997 0.788039
-0.301569 -1.44997 0.728053
0 -1.40355 0.770251
-0.301569 -1.44997 0.728053
-0.557227 -1.44997 0.557228
-0.294762 -1.40355 0.711619
-0.728053 -1.44997 0.301569
-0.711619 -1.40355 0.294762
-0.557227 -1.44997 0.557228
-0.788039 -1.44997 -0
-0.770251 -1.40355 -0
-0.728053 -1.44997 0.301569
-0.728053 -1.44997 -0.301569
-0.711619 -1.40355 -0.294762
-0.788039 -1.44997 -0
-0.728053 -1.44997 -0.301569
-0.557227 -1.44997 -0.557228
-0.711619 -1.40355 -0.294762
-0.557227 -1.44997 -0.557228
-0.301569 -1.44997 -0.728053
-0.544649 -1.40355 -0.54465
-0.301569 -1.44997 -0.728053
1e-006 -1.44997 -0.788039
-0.294762 -1.40355 -0.711619
0.30157 -1.44997 -0.728052
0.294763 -1.40355 -0.711619
1e-006 -1.44997 -0.788039
0.294763 -1.40355 -0.711619
0.30157 -1.44997 -0.728052
0.544649 -1.40355 -0.544649
0.747511 1.42277 -0.309628
0.78336 1.29024 -0.324477
0.57212 1.42277 -0.572119
0.747511 1.42277 -0.309628
0.809099 1.42277 1e-006
0.78336 1.29024 -0.324477
0.809099 1.42277 1e-006
0.74751 1.42277 0.30963
0.847902 1.29024 1e-006
0.74751 1.42277 0.30963
0.572119 1.42277 0.57212
0.783359 1.29024 0.324479
0.572119 1.42277 0.57212
0.309628 1.42277 0.747511
0.599556 1.29024 0.599558
0.309628 1.42277 0.747511
-1e-006 1.42277 0.809099
0.324477 1.29024 0.78336
-1e-006 1.42277 0.809099
-0.30963 1.42277 0.74751
-1e-006 1.29024 0.847902
-0.30963 1.42277 0.74751
-0.572121 1.42277 0.572118
-0.324479 1.29024 0.783359
-0.572121 1.42277 0.572118
-0.747511 1.42277 0.309627
-0.599558 1.29024 0.599556
-0.747511 1.42277 0.309627
-0.809099 1.42277 -2e-006
-0.78336 1.29024 0.324476
-0.809099 1.42277 -2e-006
-0.747509 1.42277 -0.309631
-0.847902 1.29024 -2e-006
-0.747509 1.42277 -0.309631
-0.572118 1.42277 -0.572121
-0.783358 1.29024 -0.32448
-0.572118 1.42277 -0.572121
-0.309627 1.42277 -0.747511
-0.599555 1.29024 -0.599559
-0.309627 1.42277 -0.747511
3e-006 1.42277 -0.809099
-0.324476 1.29024 -0.78336
3e-006 1.42277 -0.809099
0.309631 1.42277 -0.747509
3e-006 1.29024 -0.847902
0.309631 1.42277 -0.747509
0.57212 1.42277 -0.572119
0.324481 1.29024 -0.783358
0.569334 -1.4371 -0.569334
0.596192 -1.30718 -0.596192
0.743871 -1.4371 -0.308121
0.80516 -1.4371 0
0.743871 -1.4371 -0.308121
0.843142 -1.30718 0
0.80516 -1.4371 0
0.843142 -1.30718 0
0.743871 -1.4371 0.308122
0.569334 -1.4371 0.569334
0.743871 -1.4371 0.308122
0.596192 -1.30718 0.596192
0.308122 -1.4371 0.743871
0.569334 -1.4371 0.569334
0.322657 -1.30718 0.778962
0 -1.4371 0.80516
0.308122 -1.4371 0.743871
0 -1.30718 0.843142
-0.308121 -1.4371 0.743871
0 -1.4371 0.80516
-0.322657 -1.30718 0.778962
-0.569334 -1.4371 0.569334
-0.308121 -1.4371 0.743871
-0.596192 -1.30718 0.596192
-0.743871 -1.4371 0.308122
-0.569334 -1.4371 0.569334
-0.778962 -1.30718 0.322657
-0.80516 -1.4371 -0
-0.743871 -1.4371 0.308122
-0.843142 -1.30718 -0
-0.743871 -1.4371 -0.308122
-0.80516 -1.4371 -0
-0.778962 -1.30718 -0.322657
-0.569334 -1.4371 -0.569335
-0.743871 -1.4371 -0.308122
-0.596191 -1.30718 -0.596192
-0.308121 -1.4371 -0.743871
-0.569334 -1.4371 -0.569335
-0.322656 -1.30718 -0.778962
1e-006 -1.4371 -0.80516
-0.308121 -1.4371 -0.743871
1e-006 -1.30718 -0.843142
0.308122 -1.4371 -0.743871
1e-006 -1.4371 -0.80516
0.322657 -1.30718 -0.778962
0.569334 -1.4371 -0.569334
0.308122 -1.4371 -0.743871
0.596192 -1.30718 -0.596192
0.599558 1.29024 -0.599557
0.78336 1.29024 -0.324477
0.587568 1.27693 -0.587567
0.587568 1.27693 -0.587567
0.767694 1.27693 -0.317988
0.691414 0.846555 -0.691413
0.847902 1.29024 1e-006
0.830946 1.27693 1e-006
0.78336 1.29024 -0.324477
0.767694 1.27693 -0.317988
0.830946 1.27693 1e-006
0.903376 0.846555 -0.374189
0.783359 1.29024 0.324479
0.767693 1.27693 0.31799
0.847902 1.29024 1e-006
0.830946 1.27693 1e-006
0.767693 1.27693 0.31799
0.977806 0.846555 1e-006
0.783359 1.29024 0.324479
0.599556 1.29024 0.599558
0.767693 1.27693 0.31799
0.767693 1.27693 0.31799
0.587567 1.27693 0.587568
0.903375 0.846555 0.374191
0.599556 1.29024 0.599558
0.324477 1.29024 0.78336
0.587567 1.27693 0.587568
0.587567 1.27693 0.587568
0.317988 1.27693 0.767694
0.691413 0.846555 0.691414
-1e-006 1.29024 0.847902
-1e-006 1.27693 0.830946
0.324477 1.29024 0.78336
0.317988 1.27693 0.767694
-1e-006 1.27693 0.830946
0.374189 0.846555 0.903376
-1e-006 1.29024 0.847902
-0.324479 1.29024 0.783359
-1e-006 1.27693 0.830946
-1e-006 1.27693 0.830946
-0.317991 1.27693 0.767693
-1e-006 0.846555 0.977806
-0.599558 1.29024 0.599556
-0.587569 1.27693 0.587566
-0.324479 1.29024 0.783359
-0.317991 1.27693 0.767693
-0.587569 1.27693 0.587566
-0.374192 0.846555 0.903375
-0.599558 1.29024 0.599556
-0.78336 1.29024 0.324476
-0.587569 1.27693 0.587566
-0.587569 1.27693 0.587566
-0.767695 1.27693 0.317987
-0.691415 0.846555 0.691412
-0.847902 1.29024 -2e-006
-0.830946 1.27693 -2e-006
-0.78336 1.29024 0.324476
-0.767695 1.27693 0.317987
-0.830946 1.27693 -2e-006
-0.903376 0.846555 0.374189
-0.847902 1.29024 -2e-006
-0.783358 1.29024 -0.32448
-0.830946 1.27693 -2e-006
-0.830946 1.27693 -2e-006
-0.767693 1.27693 -0.317991
-0.977806 0.846555 -2e-006
-0.783358 1.29024 -0.32448
-0.599555 1.29024 -0.599559
-0.767693 1.27693 -0.317991
-0.767693 1.27693 -0.317991
-0.587566 1.27693 -0.587569
-0.903374 0.846555 -0.374192
-0.324476 1.29024 -0.78336
-0.317987 1.27693 -0.767695
-0.599555 1.29024 -0.599559
-0.587566 1.27693 -0.587569
-0.317987 1.27693 -0.767695
-0.691412 0.846555 -0.691415
-0.324476 1.29024 -0.78336
3e-006 1.29024 -0.847902
-0.317987 1.27693 -0.767695
-0.317987 1.27693 -0.767695
3e-006 1.27693 -0.830946
-0.374188 0.846555 -0.903376
0.324481 1.29024 -0.783358
0.317992 1.27693 -0.767693
3e-006 1.29024 -0.847902
3e-006 1.27693 -0.830946
0.317992 1.27693 -0.767693
3e-006 0.846555 -0.977806
0.599558 1.29024 -0.599557
0.587568 1.27693 -0.587567
0.324481 1.29024 -0.783358
0.317992 1.27693 -0.767693
0.587568 1.27693 -0.587567
0.374193 0.846555 -0.903374
0.596192 -1.30718 -0.596192
0.580911 -1.29567 -0.580911
0.778962 -1.30718 -0.322657
0.758997 -1.29567 -0.314387
0.580911 -1.29567 -0.580911
0.903375 -0.846556 -0.37419
0.778962 -1.30718 -0.322657
0.758997 -1.29567 -0.314387
0.843142 -1.30718 0
0.821532 -1.29567 0
0.758997 -1.29567 -0.314387
0.977806 -0.846556 0
0.778962 -1.30718 0.322657
0.843142 -1.30718 0
0.758997 -1.29567 0.314387
0.758997 -1.29567 0.314387
0.821532 -1.29567 0
0.903375 -0.846556 0.374191
0.596192 -1.30718 0.596192
0.778962 -1.30718 0.322657
0.580911 -1.29567 0.580911
0.580911 -1.29567 0.580911
0.758997 -1.29567 0.314387
0.691413 -0.846556 0.691414
0.322657 -1.30718 0.778962
0.596192 -1.30718 0.596192
0.314387 -1.29567 0.758997
0.314387 -1.29567 0.758997
0.580911 -1.29567 0.580911
0.37419 -0.846556 0.903375
0 -1.30718 0.843142
0.322657 -1.30718 0.778962
0 -1.29567 0.821532
0 -1.29567 0.821532
0.314387 -1.29567 0.758997
-0 -0.846556 0.977806
-0.322657 -1.30718 0.778962
0 -1.30718 0.843142
-0.314387 -1.29567 0.758997
-0.314387 -1.29567 0.758997
0 -1.29567 0.821532
-0.374191 -0.846556 0.903375
-0.322657 -1.30718 0.778962
-0.314387 -1.29567 0.758997
-0.596192 -1.30718 0.596192
-0.580911 -1.29567 0.580911
-0.314387 -1.29567 0.758997
-0.691414 -0.846556 0.691413
-0.778962 -1.30718 0.322657
-0.596192 -1.30718 0.596192
-0.758997 -1.29567 0.314387
-0.758997 -1.29567 0.314387
-0.580911 -1.29567 0.580911
-0.903375 -0.846556 0.37419
-0.843142 -1.30718 -0
-0.778962 -1.30718 0.322657
-0.821532 -1.29567 -0
-0.821532 -1.29567 -0
-0.758997 -1.29567 0.314387
-0.977806 -0.846556 -1e-006
-0.778962 -1.30718 -0.322657
-0.843142 -1.30718 -0
-0.758997 -1.29567 -0.314387
-0.758997 -1.29567 -0.314387
-0.821532 -1.29567 -0
-0.903375 -0.846556 -0.374191
-0.596191 -1.30718 -0.596192
-0.778962 -1.30718 -0.322657
-0.580911 -1.29567 -0.580911
-0.580911 -1.29567 -0.580911
-0.758997 -1.29567 -0.314387
-0.691413 -0.846556 -0.691414
-0.596191 -1.30718 -0.596192
-0.580911 -1.29567 -0.580911
-0.322656 -1.30718 -0.778962
-0.314386 -1.29567 -0.758997
-0.580911 -1.29567 -0.580911
-0.374189 -0.846556 -0.903376
1e-006 -1.30718 -0.843142
-0.322656 -1.30718 -0.778962
1e-006 -1.29567 -0.821532
1e-006 -1.29567 -0.821532
-0.314386 -1.29567 -0.758997
1e-006 -0.846556 -0.977806
1e-006 -1.30718 -0.843142
1e-006 -1.29567 -0.821532
0.322657 -1.30718 -0.778962
0.314388 -1.29567 -0.758996
1e-006 -1.29567 -0.821532
0.374192 -0.846556 -0.903375
0.596192 -1.30718 -0.596192
0.322657 -1.30718 -0.778962
0.580911 -1.29567 -0.580911
0.580911 -1.29567 -0.580911
0.314388 -1.29567 -0.758996
0.691414 -0.846556 -0.691413
0.711619 -1.40355 -0.294762
0 -1.45588 0
0.544649 -1.40355 -0.544649
0.694678 1.40979 -0.287744
0.531684 1.40979 -0.531683
0 1.40979 -0
0.770251 -1.40355 0
0 -1.45588 0
0.711619 -1.40355 -0.294762
0.751914 1.40979 1e-006
0.694678 1.40979 -0.287744
0 1.40979 -0
0.711619 -1.40355 0.294762
0 -1.45588 0
0.770251 -1.40355 0
0.694677 1.40979 0.287746
0.751914 1.40979 1e-006
0 1.40979 -0
0.544649 -1.40355 0.544649
0 -1.45588 0
0.711619 -1.40355 0.294762
0.531682 1.40979 0.531684
0.694677 1.40979 0.287746
0 1.40979 -0
0.294762 -1.40355 0.711619
0 -1.45588 0
0.544649 -1.40355 0.544649
0.287744 1.40979 0.694678
0.531682 1.40979 0.531684
0 1.40979 -0
0 -1.40355 0.770251
0 -1.45588 0
0.294762 -1.40355 0.711619
-1e-006 1.40979 0.751913
0.287744 1.40979 0.694678
0 1.40979 -0
-0.294762 -1.40355 0.711619
0 -1.45588 0
0 -1.40355 0.770251
-0.287746 1.40979 0.694677
-1e-006 1.40979 0.751913
0 1.40979 -0
-0.544649 -1.40355 0.54465
0 -1.45588 0
-0.294762 -1.40355 0.711619
-0.531684 1.40979 0.531682
-0.287746 1.40979 0.694677
0 1.40979 -0
-0.711619 -1.40355 0.294762
0 -1.45588 0
-0.544649 -1.40355 0.54465
-0.694678 1.40979 0.287743
-0.531684 1.40979 0.531682
0 1.40979 -0
-0.770251 -1.40355 -0
0 -1.45588 0
-0.711619 -1.40355 0.294762
-0.751913 1.40979 -2e-006
-0.694678 1.40979 0.287743
0 1.40979 -0
-0.711619 -1.40355 -0.294762
0 -1.45588 0
-0.770251 -1.40355 -0
-0.694677 1.40979 -0.287747
-0.751913 1.40979 -2e-006
0 1.40979 -0
-0.544649 -1.40355 -0.54465
0 -1.45588 0
-0.711619 -1.40355 -0.294762
-0.531682 1.40979 -0.531685
-0.694677 1.40979 -0.287747
0 1.40979 -0
-0.294762 -1.40355 -0.711619
0 -1.45588 0
-0.544649 -1.40355 -0.54465
-0.287743 1.40979 -0.694678
-0.531682 1.40979 -0.531685
0 1.40979 -0
1e-006 -1.40355 -0.770251
0 -1.45588 0
-0.294762 -1.40355 -0.711619
2e-006 1.40979 -0.751914
-0.287743 1.40979 -0.694678
0 1.40979 -0
0.294763 -1.40355 -0.711619
0 -1.45588 0
1e-006 -1.40355 -0.770251
0.287747 1.40979 -0.694677
2e-006 1.40979 -0.751914
0 1.40979 -0
0.544649 -1.40355 -0.544649
0 -1.45588 0
0.294763 -1.40355 -0.711619
0.531684 1.40979 -0.531683
0.287747 1.40979 -0.694677
0 1.40979 -0
