1824
0.703104 -0.106259 -0.703103
0.707083 0 -0.707083
0.923856 0 -0.382672
0.918649 0.106259 -0.380516
0.923856 0 -0.382672
0.707083 0 -0.707083
0.918649 -0.106259 -0.380517
0.923856 0 -0.382672
1 0 0
0.994338 0.106259 1e-006
1 0 0
0.923856 0 -0.382672
0.994339 -0.106259 0
1 0 0
0.923856 0 0.382672
0.918649 0.106259 0.380518
0.923856 0 0.382672
1 0 0
0.918649 -0.106259 0.380517
0.923856 0 0.382672
0.707083 0 0.707083
0.703103 0.106259 0.703104
0.707083 0 0.707083
0.923856 0 0.382672
0.703103 -0.106259 0.703104
0.707083 0 0.707083
0.382672 0 0.923856
0.380515 0.106259 0.918649
0.382672 0 0.923856
0.707083 0 0.707083
0.380516 -0.106259 0.918649
0.382672 0 0.923856
0 0 1
-1e-006 0.106259 0.994339
0 0 1
0.382672 0 0.923856
-0 -0.106259 0.994338
0 0 1
-0.382672 0 0.923856
-0.380518 0.106259 0.918648
-0.382672 0 0.923856
0 0 1
-0.380517 -0.106259 0.918649
-0.382672 0 0.923856
-0.707083 0 0.707083
-0.703105 0.106259 0.703102
-0.707083 0 0.707083
-0.382672 0 0.923856
-0.703104 -0.106259 0.703103
-0.707083 0 0.707083
-0.923856 0 0.382672
-0.91865 0.106259 0.380515
-0.923856 0 0.382672
-0.707083 0 0.707083
-0.918649 -0.106259 0.380516
-0.923856 0 0.382672
-1 0 0
-0.994338 0.106259 -2e-006
-1 0 0
-0.923856 0 0.382672
-0.994339 -0.106259 -1e-006
-1 0 0
-0.923856 0 -0.382672
-0.918648 0.106259 -0.380519
-0.923856 0 -0.382672
-1 0 0
-0.918649 -0.106259 -0.380518
-0.923856 0 -0.382672
-0.707083 0 -0.707083
-0.703102 0.106259 -0.703105
-0.707083 0 -0.707083
-0.923856 0 -0.382672
-0.703103 -0.106259 -0.703104
-0.707083 0 -0.707083
-0.382672 0 -0.923856
-0.380515 0.106259 -0.91865
-0.382672 0 -0.923856
-0.707083 0 -0.707083
-0.380516 -0.106259 -0.918649
-0.382672 0 -0.923856
0 0 -1
2e-006 0.106259 -0.994338
0 0 -1
-0.382672 0 -0.923856
1e-006 -0.106259 -0.994339
0 0 -1
0.382672 0 -0.923856
0.380519 0.106259 -0.918648
0.382672 0 -0.923856
0 0 -1
0.703104 0.106259 -0.703103
0.707083 0 -0.707083
0.382672 0 -0.923856
0.380518 -0.106259 -0.918649
0.382672 0 -0.923856
0.707083 0 -0.707083
0 -1 -0
0 -1 -5e-006
0 -1 -5e-006
0 1 0
0 1 0
0 1 0
0 -1 -0
0 -1 -0
0 -1 -2e-006
0 1 -6e-006
0 1 -6e-006
0 1 0
0 1 0
0 1 0
0 1 4e-006
0 -1 -0
0 -1 -0
0 -1 -0
0 1 0
0 1 0
0 1 0
0 -1 -0
0 -1 -0
0 -1 -5e-006
0 1 4e-006
0 1 4e-006
0 1 0
0 -1 -0
0 -1 -0
0 -1 -0
0 1 0
0 1 0
0 1 -2e-006
0 -1 -0
0 -1 -0
0 -1 -0
0 1 0
0 1 0
0 1 0
0 -1 -2e-006
0 -1 -2e-006
0 -1 -0
0 1 -2e-006
0 1 -2e-006
0 1 2e-006
0 -1 -0
0 -1 -0
0 -1 -0
0 1 0
0 1 0
0 1 0
0 -1 -2e-006
0 -1 1e-006
0 -1 1e-006
0 1 2e-006
0 1 2e-006
0 1 0
0 -1 2e-006
0 -1 2e-006
0 -1 -0
0 1 0
0 1 0
0 1 0
0 -1 1e-006
0 -1 -0
0 -1 -0
0 1 0
0 1 0
0 1 0
0 -1 -0
0 -1 -0
0 -1 2e-006
0 1 0
0 1 0
0 1 0
0 -1 -0
0 -1 -0
0 -1 -0
0 1 0
0 1 0
0 1 0
0 -1 2e-006
0 -1 2e-006
0 -1 -0
0 1 0
0 1 0
0 1 0
0 -1 -0
0 -1 -0
0 -1 -0
0 1 0
0 1 0
0 1 -2e-006
0 -1 2e-006
0 -1 2e-006
0 -1 2e-006
0 1 0
0 1 0
0 1 0
0 -1 -0
0 -1 -0
0 -1 -0
0 1 2e-006
0 1 -2e-006
0 1 -2e-006
0 -1 -4e-006
0 -1 -4e-006
0 -1 2e-006
0 1 0
0 1 0
0 1 -4e-006
0 -1 -0
0 -1 -0
0 -1 -0
0 1 2e-006
0 1 2e-006
0 1 0
0 -1 -0
0 -1 -0
0 -1 -4e-006
0 1 -4e-006
0 1 -4e-006
0 1 0
0 -1 -2e-006
0 -1 -2e-006
0 -1 -0
0 1 0
0 1 0
0 1 0
0 -1 -0
0 -1 -0
0 -1 -0
0 1 0
0 1 0
0 1 0
0 -1 -2e-006
0 -1 -0
0 -1 -0
0 1 0
0 1 0
0 1 0
0 -1 -0
0 -1 -0
0 -1 -0
0 1 0
0 1 0
0 1 0
0 -1 -0
0 -1 -0
0 -1 -0
0 1 2e-006
0 1 0
0 1 0
0 -1 2e-006
0 -1 2e-006
0 -1 -0
0 1 0
0 1 0
0 1 -1e-006
0 -1 -0
0 -1 -0
0 -1 -0
0 1 2e-006
0 1 2e-006
0 1 0
0 -1 2e-006
0 -1 1e-006
0 -1 -0
0 1 -1e-006
0 1 -1e-006
0 1 2e-006
0 -1 -0
0 -1 -0
0 -1 -0
0 1 1e-006
0 1 0
0 1 0
0 -1 -0
0 -1 -0
0 -1 -0
0 1 -6e-006
0 1 2e-006
0 1 2e-006
0 -1 -2e-006
0 -1 -2e-006
0 -1 -0
0 1 0
0 1 1e-006
0 1 1e-006
0 -1 -0
0 -1 -0
0 -1 -0
0.686515 -0.239571 -0.686515
0.896975 -0.239571 -0.371539
0.896975 -0.239571 -0.371539
0.686516 0.239571 -0.686514
0.686516 0.239571 -0.686514
0.896976 0.239571 -0.371539
0.970879 -0.239571 0
0.970879 -0.239571 0
0.896975 -0.239571 -0.371539
0.970879 0.239571 1e-006
0.970879 0.239571 1e-006
0.896976 0.239571 -0.371538
0.896975 -0.239571 0.37154
0.970879 -0.239571 0
0.970879 -0.239571 0
0.896975 0.239571 0.37154
0.970879 0.239571 1e-006
0.970879 0.239571 1e-006
0.686515 -0.239571 0.686515
0.896975 -0.239571 0.37154
0.896975 -0.239571 0.37154
0.686514 0.239571 0.686516
0.896975 0.239571 0.37154
0.896975 0.239571 0.37154
0.371539 -0.23957 0.896975
0.686515 -0.239571 0.686515
0.686515 -0.239571 0.686515
0.371538 0.239571 0.896976
0.686514 0.239571 0.686516
0.686514 0.239571 0.686516
-0 -0.23957 0.970879
-0 -0.23957 0.970879
0.371539 -0.23957 0.896975
-2e-006 0.239571 0.970879
-1e-006 0.239571 0.970879
0.371538 0.239571 0.896976
-0.37154 -0.239571 0.896975
-0.37154 -0.239571 0.896975
-0 -0.23957 0.970879
-0.371541 0.239571 0.896975
-0.37154 0.239571 0.896975
-1e-006 0.239571 0.970879
-0.686515 -0.23957 0.686515
-0.37154 -0.239571 0.896975
-0.37154 -0.239571 0.896975
-0.686516 0.239571 0.686514
-0.686516 0.239571 0.686514
-0.37154 0.239571 0.896975
-0.896975 -0.239571 0.371539
-0.686515 -0.23957 0.686515
-0.686515 -0.23957 0.686515
-0.896976 0.239571 0.371537
-0.686516 0.239571 0.686514
-0.686516 0.239571 0.686514
-0.970879 -0.239571 -1e-006
-0.970879 -0.239571 -1e-006
-0.896975 -0.239571 0.371539
-0.970879 0.239571 -2e-006
-0.896976 0.239571 0.371537
-0.896976 0.239571 0.371537
-0.896975 -0.23957 -0.37154
-0.970879 -0.239571 -1e-006
-0.970879 -0.239571 -1e-006
-0.896974 0.239571 -0.371541
-0.896974 0.239571 -0.371541
-0.970879 0.239571 -2e-006
-0.686514 -0.23957 -0.686516
-0.896975 -0.23957 -0.37154
-0.896975 -0.23957 -0.37154
-0.686514 0.239571 -0.686517
-0.686514 0.239571 -0.686516
-0.896974 0.239571 -0.371541
-0.371538 -0.239571 -0.896976
-0.371539 -0.239571 -0.896976
-0.686514 -0.23957 -0.686516
-0.371537 0.239571 -0.896976
-0.686514 0.239571 -0.686516
-0.686514 0.239571 -0.686517
1e-006 -0.23957 -0.970879
1e-006 -0.239571 -0.970879
-0.371539 -0.239571 -0.896976
3e-006 0.239571 -0.970879
3e-006 0.239571 -0.970879
-0.371537 0.239571 -0.896976
0.37154 -0.239571 -0.896975
0.37154 -0.239571 -0.896975
1e-006 -0.239571 -0.970879
0.371541 0.239571 -0.896974
0.371541 0.239571 -0.896974
3e-006 0.239571 -0.970879
0.371541 0.239571 -0.896974
0.371541 0.239571 -0.896974
0.686516 0.239571 -0.686514
0.37154 -0.239571 -0.896975
0.686515 -0.239571 -0.686515
0.686515 -0.239571 -0.686515
0.555027 0.799432 -0.229898
0.555027 0.799432 -0.229898
0.4248 0.799432 -0.424799
0.600756 0.799432 1e-006
0.600756 0.799432 1e-006
0.555027 0.799432 -0.229898
0.555026 0.799432 0.2299
0.555026 0.799433 0.2299
0.600756 0.799432 1e-006
0.555026 0.799432 0.2299
0.424799 0.799433 0.424798
0.424799 0.799432 0.424798
0.229898 0.799432 0.555028
0.229898 0.799432 0.555028
0.424799 0.799432 0.424798
-1e-006 0.799432 0.600756
-1e-006 0.799432 0.600756
0.229898 0.799432 0.555028
-1e-006 0.799432 0.600756
-0.2299 0.799433 0.555025
-0.2299 0.799433 0.555025
-0.4248 0.799431 0.424799
-0.4248 0.799431 0.4248
-0.2299 0.799433 0.555025
-0.4248 0.799431 0.424799
-0.555026 0.799433 0.229898
-0.555026 0.799433 0.229898
-0.600756 0.799432 -1e-006
-0.600756 0.799432 -1e-006
-0.555026 0.799433 0.229898
-0.555025 0.799433 -0.2299
-0.555025 0.799433 -0.2299
-0.600756 0.799432 -1e-006
-0.424797 0.799433 -0.424798
-0.424797 0.799433 -0.424799
-0.555025 0.799433 -0.2299
-0.229897 0.799433 -0.555026
-0.229897 0.799433 -0.555026
-0.424797 0.799433 -0.424799
2e-006 0.799433 -0.600756
2e-006 0.799432 -0.600756
-0.229897 0.799433 -0.555026
0.229901 0.799432 -0.555026
0.229901 0.799432 -0.555026
2e-006 0.799432 -0.600756
0.4248 0.799432 -0.424798
0.4248 0.799432 -0.424799
0.229901 0.799432 -0.555026
-0.602425 0.523614 0.602423
-0.602425 0.523614 0.602422
-0.787106 0.523612 0.326029
-0.851956 0.523613 -1e-006
-0.787106 0.523612 0.326029
-0.787106 0.523612 0.326029
-0.787105 0.523613 -0.32603
-0.787105 0.523612 -0.32603
-0.851956 0.523613 -1e-006
-0.602423 0.523614 -0.602424
-0.787105 0.523612 -0.32603
-0.787105 0.523613 -0.32603
-0.326028 0.523613 -0.787105
-0.602423 0.523614 -0.602424
-0.602423 0.523615 -0.602424
3e-006 0.523614 -0.851956
2e-006 0.523613 -0.851956
-0.326028 0.523613 -0.787105
0.326031 0.523613 -0.787104
0.326031 0.523613 -0.787104
2e-006 0.523613 -0.851956
0.602426 0.523613 -0.602423
0.602426 0.523613 -0.602422
0.326031 0.523613 -0.787104
0.787105 0.523614 -0.326027
0.787105 0.523614 -0.326027
0.602426 0.523613 -0.602422
0.851956 0.523613 2e-006
0.787105 0.523614 -0.326027
0.787105 0.523614 -0.326027
0.787105 0.523612 0.326031
0.851956 0.523613 2e-006
0.851956 0.523613 2e-006
0.602423 0.523612 0.602426
0.787105 0.523612 0.326031
0.787105 0.523612 0.326031
0.326027 0.523613 0.787106
0.602423 0.523612 0.602426
0.602423 0.523612 0.602426
-3e-006 0.523613 0.851956
0.326027 0.523613 0.787106
0.326027 0.523612 0.787106
-0.326032 0.523613 0.787104
-3e-006 0.523613 0.851956
-4e-006 0.523613 0.851956
-0.326032 0.523613 0.787104
-0.602425 0.523614 0.602422
-0.602425 0.523614 0.602423
0.4248 -0.799432 -0.424798
0.4248 -0.799432 -0.424799
0.555029 -0.799432 -0.229894
0.600757 -0.799432 -0
0.555029 -0.799432 -0.229894
0.555029 -0.799432 -0.229894
0.600757 -0.799432 -0
0.600757 -0.799432 -0
0.55503 -0.799431 0.229896
0.4248 -0.799428 0.424806
0.555029 -0.799431 0.229896
0.55503 -0.799431 0.229896
0.4248 -0.799428 0.424806
0.4248 -0.799427 0.424807
0.2299 -0.799431 0.555028
0.2299 -0.799431 0.555028
0.2299 -0.799431 0.555028
2e-006 -0.799431 0.600758
2e-006 -0.799432 0.600757
2e-006 -0.799431 0.600758
-0.229899 -0.79943 0.55503
-0.229899 -0.79943 0.555029
-0.229899 -0.79943 0.55503
-0.4248 -0.799431 0.424799
-0.4248 -0.799431 0.424799
-0.4248 -0.799431 0.424799
-0.555027 -0.799432 0.229898
-0.555027 -0.799432 0.229898
-0.555027 -0.799432 0.229898
-0.600758 -0.799431 0
-0.555026 -0.799433 -0.229899
-0.600758 -0.799431 1e-006
-0.600758 -0.799431 0
-0.555026 -0.799433 -0.229899
-0.555026 -0.799433 -0.229899
-0.424801 -0.79943 -0.424802
-0.424801 -0.799429 -0.424802
-0.424801 -0.79943 -0.424802
-0.2299 -0.799432 -0.555027
0 -0.799428 -0.600762
-0.2299 -0.799432 -0.555026
-0.2299 -0.799432 -0.555027
0 -0.799428 -0.600762
0 -0.799428 -0.600762
0.2299 -0.79943 -0.55503
0.2299 -0.79943 -0.55503
0.2299 -0.79943 -0.55503
0.4248 -0.799432 -0.424799
-0.862696 -0.357858 0.357341
-0.862696 -0.357858 0.357341
-0.660281 -0.357859 0.660278
-0.933776 -0.357858 0
-0.862696 -0.357858 0.357341
-0.862696 -0.357858 0.357341
-0.862696 -0.357859 -0.357342
-0.933776 -0.357858 0
-0.933776 -0.357858 0
-0.660281 -0.35786 -0.660277
-0.862696 -0.357859 -0.357342
-0.862696 -0.357859 -0.357341
-0.35734 -0.357856 -0.862698
-0.357339 -0.357856 -0.862698
-0.660281 -0.35786 -0.660277
-0 -0.357859 -0.933776
-0.357339 -0.357856 -0.862698
-0.35734 -0.357856 -0.862698
0.35734 -0.357857 -0.862697
0.35734 -0.357857 -0.862697
-0 -0.357859 -0.933776
0.660279 -0.357857 -0.66028
0.660279 -0.357857 -0.66028
0.35734 -0.357857 -0.862697
0.862697 -0.357857 -0.357341
0.660279 -0.357857 -0.66028
0.660279 -0.357857 -0.66028
0.933776 -0.357858 0
0.862697 -0.357857 -0.357341
0.862697 -0.357857 -0.357341
0.862696 -0.357858 0.357341
0.933776 -0.357858 0
0.933776 -0.357858 0
0.660279 -0.357859 0.660279
0.660279 -0.357859 0.660279
0.862696 -0.357858 0.357341
0.357341 -0.357858 0.862697
0.357341 -0.357858 0.862697
0.660279 -0.357859 0.660279
-0 -0.357856 0.933777
-0 -0.357856 0.933777
0.357341 -0.357858 0.862697
-0.35734 -0.357857 0.862697
-0 -0.357856 0.933777
-0 -0.357856 0.933777
-0.357341 -0.357857 0.862697
-0.660281 -0.357859 0.660277
-0.660281 -0.357859 0.660278
0.886657 0.28099 -0.367264
0.678619 0.280991 -0.678617
0.678619 0.280991 -0.678617
0.95971 0.280991 1e-006
0.959711 0.280991 1e-006
0.886657 0.28099 -0.367264
0.886656 0.280991 0.367267
0.886656 0.280991 0.367267
0.959711 0.280991 1e-006
0.678617 0.280991 0.678619
0.678617 0.280991 0.678619
0.886656 0.280991 0.367267
0.367264 0.280991 0.886658
0.367263 0.280991 0.886657
0.678617 0.280991 0.678619
-2e-006 0.280991 0.95971
-2e-006 0.280991 0.95971
0.367263 0.280991 0.886657
-0.367267 0.280991 0.886656
-0.367267 0.280991 0.886656
-2e-006 0.280991 0.95971
-0.678619 0.280991 0.678616
-0.678619 0.280991 0.678616
-0.367267 0.280991 0.886656
-0.886658 0.280991 0.367263
-0.886658 0.280991 0.367263
-0.678619 0.280991 0.678616
-0.95971 0.280991 -2e-006
-0.95971 0.280991 -2e-006
-0.886658 0.280991 0.367263
-0.886656 0.280991 -0.367268
-0.886656 0.280991 -0.367267
-0.95971 0.280991 -2e-006
-0.678616 0.280991 -0.67862
-0.678616 0.280991 -0.67862
-0.886656 0.280991 -0.367267
-0.367262 0.280991 -0.886658
-0.367263 0.280991 -0.886658
-0.678616 0.280991 -0.67862
3e-006 0.280991 -0.95971
3e-006 0.280991 -0.95971
-0.367263 0.280991 -0.886658
0.367268 0.280991 -0.886656
0.367267 0.280991 -0.886656
3e-006 0.280991 -0.95971
0.678619 0.280991 -0.678617
0.678619 0.280991 -0.678617
0.367267 0.280991 -0.886656
0.678698 -0.280604 -0.678698
0.886761 -0.280604 -0.367308
0.886761 -0.280604 -0.367309
0.886761 -0.280604 -0.367309
0.886761 -0.280604 -0.367308
0.959824 -0.280604 0
0.959824 -0.280604 0
0.886761 -0.280604 0.367309
0.886762 -0.280604 0.367309
0.886762 -0.280604 0.367309
0.886761 -0.280604 0.367309
0.678698 -0.280604 0.678698
0.678698 -0.280604 0.678698
0.678698 -0.280604 0.678698
0.367309 -0.280604 0.886761
0.367309 -0.280604 0.886761
0.367309 -0.280604 0.886761
-0 -0.280604 0.959824
-0 -0.280604 0.959824
-0 -0.280604 0.959824
-0.367309 -0.280604 0.886761
-0.367309 -0.280604 0.886762
-0.367309 -0.280604 0.886761
-0.678698 -0.280604 0.678698
-0.678698 -0.280604 0.678698
-0.678698 -0.280604 0.678698
-0.886761 -0.280604 0.367308
-0.886761 -0.280604 0.367309
-0.886761 -0.280604 0.367308
-0.959824 -0.280605 -0
-0.959824 -0.280604 -0
-0.959824 -0.280605 -0
-0.886761 -0.280605 -0.367308
-0.886762 -0.280604 -0.367308
-0.886761 -0.280605 -0.367308
-0.678697 -0.280604 -0.678698
-0.678697 -0.280604 -0.678698
-0.678697 -0.280604 -0.678698
-0.367308 -0.280604 -0.886762
-0.367308 -0.280604 -0.886762
-0.367308 -0.280604 -0.886762
1e-006 -0.280604 -0.959824
1e-006 -0.280604 -0.959824
1e-006 -0.280604 -0.959824
0.367309 -0.280604 -0.886761
0.367309 -0.280604 -0.886761
0.367309 -0.280604 -0.886761
0.678698 -0.280604 -0.678698
0.570473 -0.786589 -0.2363
0.570473 -0.786589 -0.2363
0.436623 -0.786593 -0.436614
0.874373 0.322956 -0.362176
0.874373 0.322956 -0.362176
0.669217 0.322956 -0.669215
0.617474 -0.786591 1e-006
0.570473 -0.786589 -0.2363
0.570473 -0.786589 -0.2363
0.946414 0.322956 1e-006
0.946414 0.322956 1e-006
0.874373 0.322956 -0.362176
0.570472 -0.786591 0.236297
0.617474 -0.786591 1e-006
0.617474 -0.786591 1e-006
0.874372 0.322956 0.362178
0.874372 0.322956 0.362178
0.946414 0.322956 1e-006
0.436621 -0.786591 0.436619
0.436621 -0.786591 0.436619
0.570472 -0.786591 0.236297
0.669215 0.322956 0.669217
0.669215 0.322956 0.669216
0.874372 0.322956 0.362178
0.236296 -0.786591 0.570473
0.236296 -0.78659 0.570473
0.436621 -0.786591 0.436619
0.362175 0.322956 0.874373
0.362176 0.322956 0.874373
0.669215 0.322956 0.669216
-1e-006 -0.786591 0.617475
0.236296 -0.78659 0.570473
0.236296 -0.786591 0.570473
-2e-006 0.322956 0.946414
-1e-006 0.322956 0.946414
0.362176 0.322956 0.874373
-0.236298 -0.786588 0.570476
-0.236298 -0.786588 0.570476
-1e-006 -0.786591 0.617475
-0.362178 0.322956 0.874372
-0.362178 0.322956 0.874372
-1e-006 0.322956 0.946414
-0.436622 -0.786593 0.436615
-0.236298 -0.786588 0.570476
-0.236298 -0.786588 0.570476
-0.669217 0.322956 0.669214
-0.669217 0.322956 0.669215
-0.362178 0.322956 0.874372
-0.570472 -0.786591 0.236298
-0.570472 -0.786591 0.236298
-0.436622 -0.786593 0.436615
-0.874373 0.322956 0.362175
-0.874373 0.322956 0.362175
-0.669217 0.322956 0.669215
-0.617476 -0.78659 -2e-006
-0.570472 -0.786591 0.236298
-0.570472 -0.786591 0.236298
-0.946414 0.322956 -2e-006
-0.946414 0.322956 -2e-006
-0.874373 0.322956 0.362175
-0.570472 -0.786591 -0.236299
-0.570472 -0.786591 -0.236299
-0.617476 -0.78659 -2e-006
-0.874372 0.322956 -0.362179
-0.874372 0.322956 -0.362179
-0.946414 0.322956 -2e-006
-0.436618 -0.78659 -0.436625
-0.436618 -0.78659 -0.436625
-0.570472 -0.786591 -0.236299
-0.669214 0.322956 -0.669218
-0.669214 0.322956 -0.669217
-0.874372 0.322956 -0.362179
-0.236297 -0.786593 -0.570469
-0.436618 -0.78659 -0.436625
-0.436618 -0.78659 -0.436625
-0.362174 0.322956 -0.874374
-0.362175 0.322956 -0.874373
-0.669214 0.322956 -0.669217
2e-006 -0.786587 -0.61748
2e-006 -0.786586 -0.61748
-0.236297 -0.786593 -0.570469
3e-006 0.322956 -0.946414
2e-006 0.322956 -0.946414
-0.362175 0.322956 -0.874373
0.236298 -0.786589 -0.570474
2e-006 -0.786586 -0.61748
2e-006 -0.786587 -0.61748
0.362179 0.322956 -0.874372
0.362179 0.322956 -0.874372
2e-006 0.322956 -0.946414
0.436623 -0.786593 -0.436614
0.236298 -0.786589 -0.570474
0.236298 -0.786589 -0.570474
0.669217 0.322956 -0.669215
0.669217 0.322956 -0.669215
0.362179 0.322956 -0.874372
0.332534 0.88252 -0.332534
0.434477 0.88252 -0.179967
0.434477 0.88252 -0.179967
0.667832 -0.328637 -0.667831
0.667832 -0.328637 -0.667831
0.872564 -0.328637 -0.361428
0.434477 0.88252 -0.179967
0.470275 0.88252 1e-006
0.470275 0.88252 1e-006
0.872564 -0.328637 -0.361428
0.872564 -0.328637 -0.361428
0.944457 -0.328637 0
0.470275 0.88252 1e-006
0.470275 0.88252 1e-006
0.434477 0.882521 0.179965
0.944456 -0.328637 0
0.944457 -0.328637 0
0.872564 -0.328636 0.361428
0.434477 0.882521 0.179965
0.434477 0.882521 0.179965
0.332534 0.882519 0.332539
0.872564 -0.328637 0.361428
0.872564 -0.328636 0.361428
0.667831 -0.328636 0.667832
0.332534 0.882519 0.332539
0.332534 0.882519 0.332539
0.179966 0.882521 0.434476
0.667832 -0.328636 0.667832
0.667831 -0.328636 0.667832
0.361427 -0.328637 0.872564
0.179966 0.882521 0.434476
0.179966 0.882521 0.434476
-0 0.88252 0.470275
0.361428 -0.328637 0.872564
0.361427 -0.328637 0.872564
-0 -0.328637 0.944456
-0 0.88252 0.470276
-0 0.88252 0.470275
-0.179966 0.882521 0.434476
0 -0.328637 0.944457
-0 -0.328637 0.944456
-0.361428 -0.328637 0.872564
-0.179966 0.882521 0.434476
-0.332534 0.88252 0.332534
-0.332534 0.88252 0.332534
-0.361428 -0.328636 0.872564
-0.361428 -0.328637 0.872564
-0.667832 -0.328636 0.667831
-0.332534 0.88252 0.332534
-0.332534 0.88252 0.332534
-0.434478 0.882519 0.179968
-0.667831 -0.328636 0.667832
-0.667832 -0.328636 0.667831
-0.872564 -0.328636 0.361427
-0.434478 0.882519 0.179968
-0.434478 0.882519 0.179968
-0.470275 0.88252 -1e-006
-0.872564 -0.328636 0.361428
-0.872564 -0.328636 0.361427
-0.944457 -0.328636 -1e-006
-0.470275 0.88252 -0
-0.470275 0.88252 -1e-006
-0.434477 0.882521 -0.179963
-0.944457 -0.328636 -0
-0.944457 -0.328636 -1e-006
-0.872564 -0.328636 -0.361429
-0.434477 0.882521 -0.179963
-0.434477 0.882521 -0.179963
-0.332533 0.88252 -0.332536
-0.872564 -0.328636 -0.361428
-0.872564 -0.328636 -0.361429
-0.667831 -0.328637 -0.667832
-0.332533 0.88252 -0.332536
-0.179966 0.88252 -0.434476
-0.179966 0.882521 -0.434476
-0.667831 -0.328636 -0.667832
-0.667831 -0.328637 -0.667832
-0.361427 -0.328637 -0.872564
-0.179966 0.882521 -0.434476
-0.179966 0.88252 -0.434476
0 0.882521 -0.470273
-0.361427 -0.328636 -0.872564
-0.361427 -0.328637 -0.872564
1e-006 -0.328637 -0.944456
0 0.882521 -0.470273
0.179966 0.882518 -0.434481
0.179966 0.882518 -0.434481
1e-006 -0.328636 -0.944457
1e-006 -0.328637 -0.944456
0.361429 -0.328637 -0.872564
0.179966 0.882518 -0.434481
0.179966 0.882518 -0.434481
0.332534 0.88252 -0.332534
0.361428 -0.328636 -0.872564
0.361429 -0.328637 -0.872564
0.667832 -0.328637 -0.667831
0.918649 -0.106259 -0.380517
0.703104 -0.106259 -0.703103
0.923856 0 -0.382672
0.703104 0.106259 -0.703103
0.918649 0.106259 -0.380516
0.707083 0 -0.707083
0.994339 -0.106259 0
0.918649 -0.106259 -0.380517
1 0 0
0.918649 0.106259 -0.380516
0.994338 0.106259 1e-006
0.923856 0 -0.382672
0.918649 -0.106259 0.380517
0.994339 -0.106259 0
0.923856 0 0.382672
0.994338 0.106259 1e-006
0.918649 0.106259 0.380518
1 0 0
0.703103 -0.106259 0.703104
0.918649 -0.106259 0.380517
0.707083 0 0.707083
0.918649 0.106259 0.380518
0.703103 0.106259 0.703104
0.923856 0 0.382672
0.380516 -0.106259 0.918649
0.703103 -0.106259 0.703104
0.382672 0 0.923856
0.703103 0.106259 0.703104
0.380515 0.106259 0.918649
0.707083 0 0.707083
-0 -0.106259 0.994338
0.380516 -0.106259 0.918649
0 0 1
0.380515 0.106259 0.918649
-1e-006 0.106259 0.994339
0.382672 0 0.923856
-0.380517 -0.106259 0.918649
-0 -0.106259 0.994338
-0.382672 0 0.923856
-1e-006 0.106259 0.994339
-0.380518 0.106259 0.918648
0 0 1
-0.703104 -0.106259 0.703103
-0.380517 -0.106259 0.918649
-0.707083 0 0.707083
-0.380518 0.106259 0.918648
-0.703105 0.106259 0.703102
-0.382672 0 0.923856
-0.918649 -0.106259 0.380516
-0.703104 -0.106259 0.703103
-0.923856 0 0.382672
-0.703105 0.106259 0.703102
-0.91865 0.106259 0.380515
-0.707083 0 0.707083
-0.994339 -0.106259 -1e-006
-0.918649 -0.106259 0.380516
-1 0 0
-0.91865 0.106259 0.380515
-0.994338 0.106259 -2e-006
-0.923856 0 0.382672
-0.918649 -0.106259 -0.380518
-0.994339 -0.106259 -1e-006
-0.923856 0 -0.382672
-0.994338 0.106259 -2e-006
-0.918648 0.106259 -0.380519
-1 0 0
-0.703103 -0.106259 -0.703104
-0.918649 -0.106259 -0.380518
-0.707083 0 -0.707083
-0.918648 0.106259 -0.380519
-0.703102 0.106259 -0.703105
-0.923856 0 -0.382672
-0.380516 -0.106259 -0.918649
-0.703103 -0.106259 -0.703104
-0.382672 0 -0.923856
-0.703102 0.106259 -0.703105
-0.380515 0.106259 -0.91865
-0.707083 0 -0.707083
1e-006 -0.106259 -0.994339
-0.380516 -0.106259 -0.918649
0 0 -1
-0.380515 0.106259 -0.91865
2e-006 0.106259 -0.994338
-0.382672 0 -0.923856
0.380518 -0.106259 -0.918649
1e-006 -0.106259 -0.994339
0.382672 0 -0.923856
2e-006 0.106259 -0.994338
0.380519 0.106259 -0.918648
0 0 -1
0.380519 0.106259 -0.918648
0.703104 0.106259 -0.703103
0.382672 0 -0.923856
0.703104 -0.106259 -0.703103
0.380518 -0.106259 -0.918649
0.707083 0 -0.707083
0 -1 -0
0 -1 -0
0 -1 -5e-006
0 1 0
0 1 0
0 1 0
0 -1 -2e-006
0 -1 -0
0 -1 -2e-006
0 1 0
0 1 -6e-006
0 1 0
0 1 4e-006
0 1 0
0 1 4e-006
0 -1 -0
0 -1 -0
0 -1 -0
0 1 0
0 1 0
0 1 0
0 -1 -5e-006
0 -1 -0
0 -1 -5e-006
0 1 0
0 1 4e-006
0 1 0
0 -1 -0
0 -1 -0
0 -1 -0
0 1 -2e-006
0 1 0
0 1 -2e-006
0 -1 -0
0 -1 -0
0 -1 -0
0 1 0
0 1 0
0 1 0
0 -1 -0
0 -1 -2e-006
0 -1 -0
0 1 2e-006
0 1 -2e-006
0 1 2e-006
0 -1 -0
0 -1 -0
0 -1 -0
0 1 0
0 1 0
0 1 0
0 -1 -2e-006
0 -1 -2e-006
0 -1 1e-006
0 1 0
0 1 2e-006
0 1 0
0 -1 -0
0 -1 2e-006
0 -1 -0
0 1 0
0 1 0
0 1 0
0 -1 1e-006
0 -1 1e-006
0 -1 -0
0 1 0
0 1 0
0 1 0
0 -1 2e-006
0 -1 -0
0 -1 2e-006
0 1 0
0 1 0
0 1 0
0 -1 -0
0 -1 -0
0 -1 -0
0 1 0
0 1 0
0 1 0
0 -1 -0
0 -1 2e-006
0 -1 -0
0 1 0
0 1 0
0 1 0
0 -1 -0
0 -1 -0
0 -1 -0
0 1 -2e-006
0 1 0
0 1 -2e-006
0 -1 2e-006
0 -1 2e-006
0 -1 2e-006
0 1 0
0 1 0
0 1 0
0 -1 -0
0 -1 -0
0 -1 -0
0 1 2e-006
0 1 2e-006
0 1 -2e-006
0 -1 2e-006
0 -1 -4e-006
0 -1 2e-006
0 1 -4e-006
0 1 0
0 1 -4e-006
0 -1 -0
0 -1 -0
0 -1 -0
0 1 0
0 1 2e-006
0 1 0
0 -1 -4e-006
0 -1 -0
0 -1 -4e-006
0 1 0
0 1 -4e-006
0 1 0
0 -1 -0
0 -1 -2e-006
0 -1 -0
0 1 0
0 1 0
0 1 0
0 -1 -0
0 -1 -0
0 -1 -0
0 1 0
0 1 0
0 1 0
0 -1 -2e-006
0 -1 -2e-006
0 -1 -0
0 1 0
0 1 0
0 1 0
0 -1 -0
0 -1 -0
0 -1 -0
0 1 0
0 1 0
0 1 0
0 -1 -0
0 -1 -0
0 -1 -0
0 1 2e-006
0 1 2e-006
0 1 0
0 -1 -0
0 -1 2e-006
0 -1 -0
0 1 -1e-006
0 1 0
0 1 -1e-006
0 -1 -0
0 -1 -0
0 -1 -0
0 1 0
0 1 2e-006
0 1 0
0 -1 2e-006
0 -1 2e-006
0 -1 -0
0 1 2e-006
0 1 -1e-006
0 1 2e-006
0 -1 -0
0 -1 -0
0 -1 -0
0 1 1e-006
0 1 1e-006
0 1 0
0 -1 1e-006
0 -1 -0
0 -1 -0
0 1 -6e-006
0 1 -6e-006
0 1 2e-006
0 -1 -0
0 -1 -2e-006
0 -1 -0
0 1 0
0 1 0
0 1 1e-006
0 -1 -0
0 -1 -0
0 -1 -0
0.686515 -0.239571 -0.686515
0.686515 -0.239571 -0.686515
0.896975 -0.239571 -0.371539
0.896976 0.239571 -0.371538
0.686516 0.239571 -0.686514
0.896976 0.239571 -0.371539
0.896975 -0.239571 -0.371539
0.970879 -0.239571 0
0.896975 -0.239571 -0.371539
0.896976 0.239571 -0.371539
0.970879 0.239571 1e-006
0.896976 0.239571 -0.371538
0.896975 -0.239571 0.37154
0.896975 -0.239571 0.37154
0.970879 -0.239571 0
0.896975 0.239571 0.37154
0.896975 0.239571 0.37154
0.970879 0.239571 1e-006
0.686515 -0.239571 0.686515
0.686515 -0.239571 0.686515
0.896975 -0.239571 0.37154
0.686514 0.239571 0.686516
0.686514 0.239571 0.686516
0.896975 0.239571 0.37154
0.371539 -0.23957 0.896975
0.371539 -0.23957 0.896975
0.686515 -0.239571 0.686515
0.371538 0.23957 0.896976
0.371538 0.239571 0.896976
0.686514 0.239571 0.686516
0.371539 -0.23957 0.896975
-0 -0.23957 0.970879
0.371539 -0.23957 0.896975
0.371538 0.23957 0.896976
-2e-006 0.239571 0.970879
0.371538 0.239571 0.896976
-0 -0.23957 0.970879
-0.37154 -0.239571 0.896975
-0 -0.23957 0.970879
-2e-006 0.239571 0.970879
-0.371541 0.239571 0.896975
-1e-006 0.239571 0.970879
-0.686515 -0.23957 0.686515
-0.686515 -0.23957 0.686515
-0.37154 -0.239571 0.896975
-0.371541 0.239571 0.896975
-0.686516 0.239571 0.686514
-0.37154 0.239571 0.896975
-0.896975 -0.23957 0.371539
-0.896975 -0.239571 0.371539
-0.686515 -0.23957 0.686515
-0.896976 0.239571 0.371537
-0.896976 0.239571 0.371537
-0.686516 0.239571 0.686514
-0.896975 -0.23957 0.371539
-0.970879 -0.239571 -1e-006
-0.896975 -0.239571 0.371539
-0.970879 0.239571 -2e-006
-0.970879 0.239571 -2e-006
-0.896976 0.239571 0.371537
-0.896975 -0.23957 -0.37154
-0.896975 -0.23957 -0.37154
-0.970879 -0.239571 -1e-006
-0.970879 0.239571 -2e-006
-0.896974 0.239571 -0.371541
-0.970879 0.239571 -2e-006
-0.686514 -0.23957 -0.686516
-0.686514 -0.23957 -0.686516
-0.896975 -0.23957 -0.37154
-0.896974 0.239571 -0.371541
-0.686514 0.239571 -0.686517
-0.896974 0.239571 -0.371541
-0.686514 -0.23957 -0.686516
-0.371538 -0.239571 -0.896976
-0.686514 -0.23957 -0.686516
-0.371537 0.239571 -0.896976
-0.371537 0.239571 -0.896976
-0.686514 0.239571 -0.686517
-0.371538 -0.239571 -0.896976
1e-006 -0.23957 -0.970879
-0.371539 -0.239571 -0.896976
-0.371537 0.239571 -0.896976
3e-006 0.239571 -0.970879
-0.371537 0.239571 -0.896976
1e-006 -0.23957 -0.970879
0.37154 -0.239571 -0.896975
1e-006 -0.239571 -0.970879
3e-006 0.239571 -0.970879
0.371541 0.239571 -0.896974
3e-006 0.239571 -0.970879
0.686516 0.239571 -0.686514
0.371541 0.239571 -0.896974
0.686516 0.239571 -0.686514
0.37154 -0.239571 -0.896975
0.37154 -0.239571 -0.896975
0.686515 -0.239571 -0.686515
0.4248 0.799432 -0.424798
0.555027 0.799432 -0.229898
0.4248 0.799432 -0.424799
0.555027 0.799432 -0.229898
0.600756 0.799432 1e-006
0.555027 0.799432 -0.229898
0.600756 0.799432 1e-006
0.555026 0.799432 0.2299
0.600756 0.799432 1e-006
0.555026 0.799433 0.2299
0.555026 0.799432 0.2299
0.424799 0.799432 0.424798
0.424799 0.799433 0.424798
0.229898 0.799432 0.555028
0.424799 0.799432 0.424798
0.229898 0.799432 0.555028
-1e-006 0.799432 0.600756
0.229898 0.799432 0.555028
-1e-006 0.799432 0.600756
-1e-006 0.799432 0.600756
-0.2299 0.799433 0.555025
-0.2299 0.799433 0.555025
-0.4248 0.799431 0.424799
-0.2299 0.799433 0.555025
-0.4248 0.799431 0.4248
-0.4248 0.799431 0.424799
-0.555026 0.799433 0.229898
-0.555026 0.799433 0.229898
-0.600756 0.799432 -1e-006
-0.555026 0.799433 0.229898
-0.600756 0.799432 -1e-006
-0.555025 0.799433 -0.2299
-0.600756 0.799432 -1e-006
-0.555025 0.799433 -0.2299
-0.424797 0.799433 -0.424798
-0.555025 0.799433 -0.2299
-0.424797 0.799433 -0.424798
-0.229897 0.799433 -0.555026
-0.424797 0.799433 -0.424799
-0.229897 0.799433 -0.555026
2e-006 0.799433 -0.600756
-0.229897 0.799433 -0.555026
2e-006 0.799433 -0.600756
0.229901 0.799432 -0.555026
2e-006 0.799432 -0.600756
0.229901 0.799432 -0.555026
0.4248 0.799432 -0.424798
0.229901 0.799432 -0.555026
-0.787106 0.523612 0.326029
-0.602425 0.523614 0.602423
-0.787106 0.523612 0.326029
-0.851956 0.523614 -1e-006
-0.851956 0.523613 -1e-006
-0.787106 0.523612 0.326029
-0.851956 0.523614 -1e-006
-0.787105 0.523613 -0.32603
-0.851956 0.523613 -1e-006
-0.602423 0.523615 -0.602424
-0.602423 0.523614 -0.602424
-0.787105 0.523613 -0.32603
-0.326028 0.523614 -0.787105
-0.326028 0.523613 -0.787105
-0.602423 0.523615 -0.602424
-0.326028 0.523614 -0.787105
3e-006 0.523614 -0.851956
-0.326028 0.523613 -0.787105
3e-006 0.523614 -0.851956
0.326031 0.523613 -0.787104
2e-006 0.523613 -0.851956
0.326031 0.523613 -0.787104
0.602426 0.523613 -0.602423
0.326031 0.523613 -0.787104
0.602426 0.523613 -0.602423
0.787105 0.523614 -0.326027
0.602426 0.523613 -0.602422
0.851956 0.523613 2e-006
0.851956 0.523613 2e-006
0.787105 0.523614 -0.326027
0.787105 0.523612 0.326031
0.787105 0.523612 0.326031
0.851956 0.523613 2e-006
0.602423 0.523612 0.602426
0.602423 0.523612 0.602426
0.787105 0.523612 0.326031
0.326027 0.523612 0.787106
0.326027 0.523613 0.787106
0.602423 0.523612 0.602426
-4e-006 0.523613 0.851956
-3e-006 0.523613 0.851956
0.326027 0.523612 0.787106
-0.326032 0.523613 0.787104
-0.326032 0.523613 0.787104
-4e-006 0.523613 0.851956
-0.326032 0.523613 0.787104
-0.326032 0.523613 0.787104
-0.602425 0.523614 0.602423
0.555029 -0.799432 -0.229894
0.4248 -0.799432 -0.424798
0.555029 -0.799432 -0.229894
0.600757 -0.799432 -0
0.600757 -0.799432 -0
0.555029 -0.799432 -0.229894
0.555029 -0.799431 0.229896
0.600757 -0.799432 -0
0.55503 -0.799431 0.229896
0.4248 -0.799427 0.424807
0.4248 -0.799428 0.424806
0.55503 -0.799431 0.229896
0.2299 -0.799431 0.555028
0.4248 -0.799428 0.424806
0.2299 -0.799431 0.555028
2e-006 -0.799432 0.600757
0.2299 -0.799431 0.555028
2e-006 -0.799431 0.600758
-0.229899 -0.79943 0.555029
2e-006 -0.799432 0.600757
-0.229899 -0.79943 0.55503
-0.4248 -0.799431 0.424799
-0.229899 -0.79943 0.555029
-0.4248 -0.799431 0.424799
-0.555027 -0.799432 0.229898
-0.4248 -0.799431 0.424799
-0.555027 -0.799432 0.229898
-0.600758 -0.799431 1e-006
-0.555027 -0.799432 0.229898
-0.600758 -0.799431 0
-0.555026 -0.799433 -0.229899
-0.555026 -0.799433 -0.229899
-0.600758 -0.799431 0
-0.424801 -0.799429 -0.424802
-0.555026 -0.799433 -0.229899
-0.424801 -0.79943 -0.424802
-0.2299 -0.799432 -0.555026
-0.424801 -0.799429 -0.424802
-0.2299 -0.799432 -0.555027
0 -0.799428 -0.600762
0 -0.799428 -0.600762
-0.2299 -0.799432 -0.555027
0.2299 -0.79943 -0.55503
0 -0.799428 -0.600762
0.2299 -0.79943 -0.55503
0.4248 -0.799432 -0.424798
0.2299 -0.79943 -0.55503
0.4248 -0.799432 -0.424799
-0.660281 -0.357859 0.660277
-0.862696 -0.357858 0.357341
-0.660281 -0.357859 0.660278
-0.933776 -0.357858 0
-0.933776 -0.357858 0
-0.862696 -0.357858 0.357341
-0.862696 -0.357859 -0.357341
-0.862696 -0.357859 -0.357342
-0.933776 -0.357858 0
-0.660281 -0.35786 -0.660276
-0.660281 -0.35786 -0.660277
-0.862696 -0.357859 -0.357341
-0.660281 -0.35786 -0.660276
-0.35734 -0.357856 -0.862698
-0.660281 -0.35786 -0.660277
-0 -0.357859 -0.933776
-0 -0.357859 -0.933776
-0.35734 -0.357856 -0.862698
-0 -0.357859 -0.933776
0.35734 -0.357857 -0.862697
-0 -0.357859 -0.933776
0.35734 -0.357857 -0.862697
0.660279 -0.357857 -0.66028
0.35734 -0.357857 -0.862697
0.862697 -0.357857 -0.357341
0.862697 -0.357857 -0.357341
0.660279 -0.357857 -0.66028
0.933776 -0.357858 0
0.933776 -0.357858 0
0.862697 -0.357857 -0.357341
0.862696 -0.357858 0.357341
0.862696 -0.357858 0.357341
0.933776 -0.357858 0
0.862696 -0.357858 0.357341
0.660279 -0.357859 0.660279
0.862696 -0.357858 0.357341
0.660279 -0.357859 0.660279
0.357341 -0.357858 0.862697
0.660279 -0.357859 0.660279
0.357341 -0.357858 0.862697
-0 -0.357856 0.933777
0.357341 -0.357858 0.862697
-0.357341 -0.357857 0.862697
-0.35734 -0.357857 0.862697
-0 -0.357856 0.933777
-0.35734 -0.357857 0.862697
-0.357341 -0.357857 0.862697
-0.660281 -0.357859 0.660278
0.886657 0.280991 -0.367264
0.886657 0.28099 -0.367264
0.678619 0.280991 -0.678617
0.886657 0.280991 -0.367264
0.95971 0.280991 1e-006
0.886657 0.28099 -0.367264
0.95971 0.280991 1e-006
0.886656 0.280991 0.367267
0.959711 0.280991 1e-006
0.886656 0.280991 0.367267
0.678617 0.280991 0.678619
0.886656 0.280991 0.367267
0.678617 0.280991 0.678619
0.367264 0.280991 0.886658
0.678617 0.280991 0.678619
0.367264 0.280991 0.886658
-2e-006 0.280991 0.95971
0.367263 0.280991 0.886657
-2e-006 0.280991 0.95971
-0.367267 0.280991 0.886656
-2e-006 0.280991 0.95971
-0.367267 0.280991 0.886656
-0.678619 0.280991 0.678616
-0.367267 0.280991 0.886656
-0.678619 0.280991 0.678616
-0.886658 0.280991 0.367263
-0.678619 0.280991 0.678616
-0.886658 0.280991 0.367263
-0.95971 0.280991 -2e-006
-0.886658 0.280991 0.367263
-0.95971 0.280991 -2e-006
-0.886656 0.280991 -0.367268
-0.95971 0.280991 -2e-006
-0.886656 0.280991 -0.367268
-0.678616 0.280991 -0.67862
-0.886656 0.280991 -0.367267
-0.678616 0.280991 -0.67862
-0.367262 0.280991 -0.886658
-0.678616 0.280991 -0.67862
-0.367262 0.280991 -0.886658
3e-006 0.280991 -0.95971
-0.367263 0.280991 -0.886658
3e-006 0.280991 -0.95971
0.367268 0.280991 -0.886656
3e-006 0.280991 -0.95971
0.367268 0.280991 -0.886656
0.678619 0.280991 -0.678617
0.367267 0.280991 -0.886656
0.678698 -0.280604 -0.678698
0.678698 -0.280604 -0.678698
0.886761 -0.280604 -0.367309
0.959824 -0.280604 0
0.886761 -0.280604 -0.367309
0.959824 -0.280604 0
0.959824 -0.280604 0
0.959824 -0.280604 0
0.886762 -0.280604 0.367309
0.678698 -0.280604 0.678698
0.886762 -0.280604 0.367309
0.678698 -0.280604 0.678698
0.367309 -0.280604 0.886761
0.678698 -0.280604 0.678698
0.367309 -0.280604 0.886761
-0 -0.280604 0.959824
0.367309 -0.280604 0.886761
-0 -0.280604 0.959824
-0.367309 -0.280604 0.886762
-0 -0.280604 0.959824
-0.367309 -0.280604 0.886761
-0.678698 -0.280604 0.678698
-0.367309 -0.280604 0.886762
-0.678698 -0.280604 0.678698
-0.886761 -0.280604 0.367309
-0.678698 -0.280604 0.678698
-0.886761 -0.280604 0.367308
-0.959824 -0.280604 -0
-0.886761 -0.280604 0.367309
-0.959824 -0.280605 -0
-0.886762 -0.280604 -0.367308
-0.959824 -0.280604 -0
-0.886761 -0.280605 -0.367308
-0.678697 -0.280604 -0.678698
-0.886762 -0.280604 -0.367308
-0.678697 -0.280604 -0.678698
-0.367308 -0.280604 -0.886762
-0.678697 -0.280604 -0.678698
-0.367308 -0.280604 -0.886762
1e-006 -0.280604 -0.959824
-0.367308 -0.280604 -0.886762
1e-006 -0.280604 -0.959824
0.367309 -0.280604 -0.886761
1e-006 -0.280604 -0.959824
0.367309 -0.280604 -0.886761
0.678698 -0.280604 -0.678698
0.367309 -0.280604 -0.886761
0.678698 -0.280604 -0.678698
0.436623 -0.786594 -0.436613
0.570473 -0.786589 -0.2363
0.436623 -0.786593 -0.436614
0.669217 0.322956 -0.669215
0.874373 0.322956 -0.362176
0.669217 0.322956 -0.669215
0.617474 -0.786591 1e-006
0.617474 -0.786591 1e-006
0.570473 -0.786589 -0.2363
0.874373 0.322956 -0.362176
0.946414 0.322956 1e-006
0.874373 0.322956 -0.362176
0.570472 -0.786591 0.236297
0.570472 -0.786591 0.236297
0.617474 -0.786591 1e-006
0.946414 0.322956 1e-006
0.874372 0.322956 0.362178
0.946414 0.322956 1e-006
0.570472 -0.786591 0.236297
0.436621 -0.786591 0.436619
0.570472 -0.786591 0.236297
0.874372 0.322956 0.362178
0.669215 0.322956 0.669217
0.874372 0.322956 0.362178
0.436621 -0.786591 0.436619
0.236296 -0.786591 0.570473
0.436621 -0.786591 0.436619
0.669215 0.322956 0.669217
0.362175 0.322956 0.874373
0.669215 0.322956 0.669216
-1e-006 -0.786591 0.617475
-1e-006 -0.786591 0.617475
0.236296 -0.786591 0.570473
0.362175 0.322956 0.874373
-2e-006 0.322956 0.946414
0.362176 0.322956 0.874373
-1e-006 -0.786591 0.617475
-0.236298 -0.786588 0.570476
-1e-006 -0.786591 0.617475
-2e-006 0.322956 0.946414
-0.362178 0.322956 0.874372
-1e-006 0.322956 0.946414
-0.436622 -0.786593 0.436615
-0.436622 -0.786593 0.436615
-0.236298 -0.786588 0.570476
-0.362178 0.322956 0.874372
-0.669217 0.322956 0.669214
-0.362178 0.322956 0.874372
-0.436622 -0.786593 0.436615
-0.570472 -0.786591 0.236298
-0.436622 -0.786593 0.436615
-0.669217 0.322956 0.669214
-0.874373 0.322956 0.362175
-0.669217 0.322956 0.669215
-0.617476 -0.78659 -2e-006
-0.617476 -0.78659 -2e-006
-0.570472 -0.786591 0.236298
-0.874373 0.322956 0.362175
-0.946414 0.322956 -2e-006
-0.874373 0.322956 0.362175
-0.617476 -0.78659 -2e-006
-0.570472 -0.786591 -0.236299
-0.617476 -0.78659 -2e-006
-0.946414 0.322956 -2e-006
-0.874372 0.322956 -0.362179
-0.946414 0.322956 -2e-006
-0.570472 -0.786591 -0.236299
-0.436618 -0.78659 -0.436625
-0.570472 -0.786591 -0.236299
-0.874372 0.322956 -0.362179
-0.669214 0.322956 -0.669218
-0.874372 0.322956 -0.362179
-0.236297 -0.786593 -0.570469
-0.236297 -0.786593 -0.570469
-0.436618 -0.78659 -0.436625
-0.669214 0.322956 -0.669218
-0.362174 0.322956 -0.874374
-0.669214 0.322956 -0.669217
-0.236297 -0.786593 -0.570469
2e-006 -0.786587 -0.61748
-0.236297 -0.786593 -0.570469
-0.362174 0.322956 -0.874374
3e-006 0.322956 -0.946414
-0.362175 0.322956 -0.874373
0.236298 -0.786589 -0.570474
0.236298 -0.786589 -0.570474
2e-006 -0.786587 -0.61748
3e-006 0.322956 -0.946414
0.362179 0.322956 -0.874372
2e-006 0.322956 -0.946414
0.436623 -0.786594 -0.436613
0.436623 -0.786593 -0.436614
0.236298 -0.786589 -0.570474
0.362179 0.322956 -0.874372
0.669217 0.322956 -0.669215
0.362179 0.322956 -0.874372
0.332534 0.88252 -0.332534
0.332534 0.88252 -0.332534
0.434477 0.88252 -0.179967
0.872564 -0.328637 -0.361428
0.667832 -0.328637 -0.667831
0.872564 -0.328637 -0.361428
0.434477 0.88252 -0.179967
0.434477 0.88252 -0.179967
0.470275 0.88252 1e-006
0.944456 -0.328637 0
0.872564 -0.328637 -0.361428
0.944457 -0.328637 0
0.434477 0.882521 0.179965
0.470275 0.88252 1e-006
0.434477 0.882521 0.179965
0.872564 -0.328637 0.361428
0.944456 -0.328637 0
0.872564 -0.328636 0.361428
0.332534 0.882519 0.332539
0.434477 0.882521 0.179965
0.332534 0.882519 0.332539
0.667832 -0.328636 0.667832
0.872564 -0.328637 0.361428
0.667831 -0.328636 0.667832
0.179966 0.882521 0.434476
0.332534 0.882519 0.332539
0.179966 0.882521 0.434476
0.361428 -0.328637 0.872564
0.667832 -0.328636 0.667832
0.361427 -0.328637 0.872564
-0 0.88252 0.470276
0.179966 0.882521 0.434476
-0 0.88252 0.470275
0 -0.328637 0.944457
0.361428 -0.328637 0.872564
-0 -0.328637 0.944456
-0.179966 0.882521 0.434476
-0 0.88252 0.470276
-0.179966 0.882521 0.434476
-0.361428 -0.328636 0.872564
0 -0.328637 0.944457
-0.361428 -0.328637 0.872564
-0.179966 0.882521 0.434476
-0.179966 0.882521 0.434476
-0.332534 0.88252 0.332534
-0.667831 -0.328636 0.667832
-0.361428 -0.328636 0.872564
-0.667832 -0.328636 0.667831
-0.434478 0.882519 0.179968
-0.332534 0.88252 0.332534
-0.434478 0.882519 0.179968
-0.872564 -0.328636 0.361428
-0.667831 -0.328636 0.667832
-0.872564 -0.328636 0.361427
-0.470275 0.88252 -0
-0.434478 0.882519 0.179968
-0.470275 0.88252 -1e-006
-0.944457 -0.328636 -0
-0.872564 -0.328636 0.361428
-0.944457 -0.328636 -1e-006
-0.434477 0.882521 -0.179963
-0.470275 0.88252 -0
-0.434477 0.882521 -0.179963
-0.872564 -0.328636 -0.361428
-0.944457 -0.328636 -0
-0.872564 -0.328636 -0.361429
-0.332533 0.88252 -0.332536
-0.434477 0.882521 -0.179963
-0.332533 0.88252 -0.332536
-0.667831 -0.328636 -0.667832
-0.872564 -0.328636 -0.361428
-0.667831 -0.328637 -0.667832
-0.332533 0.88252 -0.332536
-0.332533 0.88252 -0.332536
-0.179966 0.882521 -0.434476
-0.361427 -0.328636 -0.872564
-0.667831 -0.328636 -0.667832
-0.361427 -0.328637 -0.872564
0 0.882521 -0.470273
-0.179966 0.882521 -0.434476
0 0.882521 -0.470273
1e-006 -0.328636 -0.944457
-0.361427 -0.328636 -0.872564
1e-006 -0.328637 -0.944456
0 0.882521 -0.470273
0 0.882521 -0.470273
0.179966 0.882518 -0.434481
0.361428 -0.328636 -0.872564
1e-006 -0.328636 -0.944457
0.361429 -0.328637 -0.872564
0.332534 0.88252 -0.332534
0.179966 0.882518 -0.434481
0.332534 0.88252 -0.332534
0.667832 -0.328637 -0.667831
0.361428 -0.328636 -0.872564
0.667832 -0.328637 -0.667831
0.062623 -0.9977 -0.025939
0 -1 -0
0.04793 -0.9977 -0.04793
0 1 0
0 1 0
0 0.999969 0
0.067783 -0.9977 -0
0 -1 -0
0.062623 -0.9977 -0.025939
0 1 0
0 1 0
0 0.999969 0
0.062623 -0.9977 0.025939
0 -1 -0
0.067783 -0.9977 -0
0 1 0
0 1 0
0 0.999969 0
0.04793 -0.9977 0.04793
0 -1 -0
0.062623 -0.9977 0.025939
0 1 0
0 1 0
0 0.999969 0
0.025939 -0.9977 0.062624
0 -1 -0
0.04793 -0.9977 0.04793
0 1 0
0 1 0
0 0.999969 0
0 -0.9977 0.067783
0 -1 -0
0.025939 -0.9977 0.062624
0 1 0
0 1 0
0 0.999969 0
-0.025939 -0.9977 0.062623
0 -1 -0
0 -0.9977 0.067783
0 1 0
0 1 0
0 0.999969 0
-0.04793 -0.9977 0.04793
0 -1 -0
-0.025939 -0.9977 0.062623
0 1 0
0 1 0
0 0.999969 0
-0.062623 -0.9977 0.025939
0 -1 -0
-0.04793 -0.9977 0.04793
0 1 0
0 1 0
0 0.999969 0
-0.067783 -0.9977 0
0 -1 -0
-0.062623 -0.9977 0.025939
0 1 0
0 1 0
0 0.999969 0
-0.062623 -0.9977 -0.025939
0 -1 -0
-0.067783 -0.9977 0
0 1 0
0 1 0
0 0.999969 0
-0.04793 -0.9977 -0.04793
0 -1 -0
-0.062623 -0.9977 -0.025939
0 1 0
0 1 0
0 0.999969 0
-0.025939 -0.9977 -0.062623
0 -1 -0
-0.04793 -0.9977 -0.04793
0 1 0
0 1 0
0 0.999969 0
0 -0.9977 -0.067783
0 -1 -0
-0.025939 -0.9977 -0.062623
0 1 0
0 1 0
0 0.999969 0
0.025939 -0.9977 -0.062624
0 -1 -0
0 -0.9977 -0.067783
0 1 0
0 1 0
0 0.999969 0
0.04793 -0.9977 -0.04793
0 -1 -0
0.025939 -0.9977 -0.062624
0 1 0
0 1 0
0 0.999969 0
