3033
8.6794 84.4743 -32.114
23.697 71.8456 -31.7656
25.0908 84.6152 -27.3291
-8.6801 84.4743 32.1168
-23.6976 71.8456 31.7684
-25.0915 84.6152 27.3319
-18.442 57.3324 -34.3938
4.203 57.3358 -37.5906
-7.0935 43.0771 -36.5067
21.7289 114.675 21.4898
10.1098 114.716 25.2674
18.7013 84.6606 30.7074
12.0035 34.4015 32.5515
17.7925 58.6855 32.4704
-4.1877 58.6804 35.5357
-17.9889 84.4402 -28.7327
8.4014 71.8123 -34.1503
-17.7932 58.6855 -32.4676
7.6434 121.367 -11.3054
-4.0454 121.033 -13.2248
-1.9814 152.162 -10.0578
-7.644 121.367 11.3082
4.0448 121.033 13.2275
-2.0195 152.162 10.053
43.5625 0.0001 -13.6343
34.3951 3.5837 -23.9129
38.4931 29.6184 -24.1116
-22.1864 43.0693 35.059
0.396 29.6292 35.8837
-4.2036 57.3358 37.5933
-26.7506 29.6576 -27.4739
-20.3788 0.0091 -25.3137
-38.3369 3.5837 -16.8877
14.9751 1.7774 20.3665
-9.5518 1.718 24.7244
-0.0003 1.7303 0.0014
42.2738 84.3325 -11.5269
49.3947 58.5238 -4.7697
35.3438 114.4 -3.4233
-42.2745 84.3325 11.5296
-49.3953 58.5238 4.7724
-35.3444 114.4 3.426
-47.0448 0 -0.3185
-51.8554 43.0754 0.2026
-49.0434 43.0727 -8.5018
-21.7296 114.675 -21.4871
-10.1104 114.716 -25.2647
-18.7019 84.6606 -30.7046
-34.9003 9.546 22.8959
47.241 9.5514 -4.5616
-47.2417 9.5514 4.5643
-41.2754 58.5973 21.0746
-46.5858 58.5365 12.8971
-42.2745 84.3325 11.5296
41.2747 58.5973 -21.0718
46.5851 58.5365 -12.8944
42.2738 84.3325 -11.5269
47.241 9.5514 -4.5616
13.1636 9.6846 -27.5656
-17.7081 9.7084 -24.5478
-4.8903 84.4411 32.0417
2.2822 111.054 23.632
-14.3345 111.146 23.3721
4.8896 84.4411 -32.039
-2.3566 111.3 -24.3937
14.3339 111.146 -23.3694
11.2087 121.353 2.285
9.9397 147.465 -0.9587
9.0559 126.461 -6.0346
-11.2094 121.353 -2.2822
-10.0618 142.781 0.9732
-9.0565 126.461 6.0373
35.901 58.6097 -25.178
46.4922 58.5265 -12.7301
47.1053 34.1746 -13.4849
-10.9161 9.6792 23.3377
10.9153 9.6792 -23.3349
14.8551 9.5917 23.1227
18.4414 57.3324 34.3965
-4.2036 57.3358 37.5933
7.0929 43.0771 36.5094
47.0442 0 0.3213
51.8548 43.0754 -0.1999
49.0428 43.0727 8.5045
-5.5523 34.4014 34.2471
-19.6308 46.0523 33.3625
-11.2853 9.9237 29.176
-46.4929 58.5265 12.7329
-42.1467 84.3263 11.3872
-37.2476 112.034 3.5992
-3.2645 84.6731 -33.7927
-18.7019 84.6606 -30.7046
-10.1104 114.716 -25.2647
46.309 84.6581 -0.3559
45.5213 84.6581 -8.5112
37.6401 114.649 -7.0319
49.3841 34.1959 -9.4547
46.5851 58.5365 -12.8944
41.2747 58.5973 -21.0718
12.0525 34.3733 32.7333
16.5875 9.5997 26.3696
-4.2945 24.4971 32.8523
0.0639 45.9869 -35.4286
-12.0531 34.3733 -32.7305
4.2939 24.4971 -32.8495
-49.3848 34.1959 9.4575
-46.5858 58.5365 12.8971
-41.2754 58.5973 21.0746
-46.3097 84.6581 0.3587
-45.5219 84.6581 8.514
-37.6407 114.649 7.0347
3.2638 84.6731 33.7955
18.7013 84.6606 30.7074
10.1098 114.716 25.2674
-38.4938 29.6184 24.1143
-46.5093 43.0727 17.7339
-43.5632 0.0001 13.6371
-30.2883 1.6012 20.0128
-40.321 1.707 3.8959
-0.0003 1.7303 0.0014
43.1709 9.7401 -13.5743
31.8859 9.9093 -24.9114
37.4895 34.4212 -22.9388
-12.0041 34.4015 -32.5487
-17.7932 58.6855 -32.4676
4.1871 58.6804 -35.5329
-8.402 71.8123 34.1531
17.9883 84.4402 28.7355
6.7528 95.6117 28.7199
46.4922 58.5265 -12.7301
42.1461 84.3263 -11.3844
37.2469 112.034 -3.5964
-47.1059 34.1746 13.4877
-49.2762 58.5068 4.7609
-50.475 34.1844 4.8772
-41.1962 34.4171 -15.318
-37.0913 9.7952 -15.8457
-45.8047 10.2859 -4.9379
6.9371 122.287 11.6774
12.2091 149.745 5.2552
2.1058 149.745 13.1253
4.5742 122.287 -12.7867
-0.445 149.745 -13.2831
12.4965 149.745 -4.5267
-9.0006 119.407 8.9101
-29.1012 114.009 16.4975
-35.3444 114.4 3.426
-1.2336 114.775 24.094
-8.6801 84.4743 32.1168
-11.6832 113.731 24.5517
1.233 114.775 -24.0912
8.6794 84.4743 -32.114
11.6826 113.731 -24.549
9 119.407 -8.9073
29.1006 114.009 -16.4947
35.3438 114.4 -3.4233
-7.644 121.367 11.3082
-23.307 115.277 22.2191
4.0448 121.033 13.2275
-38.291 114.649 0.3022
-31.6471 116.701 -10.0452
-44.3288 84.639 -7.0561
42.1579 84.639 -15.4098
32.0754 114.645 -16.9425
37.6401 114.649 -7.0319
7.6434 121.367 -11.3054
22.0429 116.901 -20.9556
-4.0454 121.033 -13.2248
-4.6919 147.466 -8.8142
-7.7083 147.465 -6.3483
-7.6886 126.463 -7.6968
4.6912 147.466 8.817
7.7076 147.465 6.3511
7.688 126.463 7.6996
4.3498 152.199 10.5594
9.6661 121.367 9.6362
8.5135 152.162 5.7135
-5.6801 152.162 -8.534
-9.6668 121.367 -9.6334
-8.5141 152.162 -5.7107
30.3863 114.265 12.9773
37.9647 84.4329 15.5579
29.8588 84.6151 22.0236
-0.0646 45.9869 35.4314
12.0525 34.3733 32.7333
-4.2945 24.4971 32.8523
31.2743 1.597 16.0057
14.9751 1.7774 20.3665
-0.0003 1.7303 0.0014
38.3363 3.5837 16.8905
42.4941 29.6295 18.7056
26.7499 29.6576 27.4766
-21.1542 46.0127 33.6592
-0.0646 45.9869 35.4314
-4.2945 24.4971 32.8523
-40.591 34.2387 22.4489
-34.9003 9.546 22.8959
-44.948 12.4138 13.8161
40.5903 34.2387 -22.4462
34.8996 9.546 -22.8932
44.9474 12.4138 -13.8133
21.1536 46.0127 -33.6565
0.0639 45.9869 -35.4286
4.2939 24.4971 -32.8495
-30.387 114.265 -12.9745
-37.9653 84.4329 -15.5551
-29.8595 84.6151 -22.0209
-10.9505 58.6879 -34.2675
-30.2882 58.7267 -25.578
-27.2052 46.0131 -28.986
41.1955 34.4171 15.3207
37.0907 9.7952 15.8485
45.804 10.2859 4.9406
10.9153 9.6792 -23.3349
43.1709 9.7401 -13.5743
32.4437 9.6752 14.4458
9 119.407 -8.9073
32.8013 114.22 9.2845
11.8182 119.014 6.3421
14.6656 84.4743 29.8618
6.1237 113.757 24.2923
15.6857 114.804 20.8489
-31.275 1.597 -16.0029
-14.9757 1.7774 -20.3637
-0.0003 1.7303 0.0014
-28.486 43.0693 -30.1618
-7.0935 43.0771 -36.5067
-10.7724 17.9261 -32.7929
-14.6663 84.4743 -29.8591
-6.1243 113.757 -24.2896
-15.6864 114.804 -20.8462
-9.0006 119.407 8.9101
-32.802 114.22 -9.2817
-11.8189 119.014 -6.3393
4.203 57.3358 -37.5906
25.4446 57.3383 -32.4321
22.1857 43.0693 -35.0562
46.309 84.6581 -0.3559
51.1675 57.3332 -4.9409
45.5213 84.6581 -8.5112
-30.9982 111.024 -9.5875
-23.7511 111.055 19.6141
26.3566 111.055 15.0167
-36.4257 112.032 -2.7172
-30.9982 111.024 -9.5875
-38.0315 84.4858 -12.534
-11.9459 114.701 26.2307
-25.8863 84.8325 28.9359
-12.4792 84.6606 33.7191
-39.455 57.3031 23.0564
-46.5093 43.0727 17.7339
-38.4938 29.6184 24.1143
38.0309 84.4858 12.5367
48.0694 58.5264 3.5989
36.4251 112.032 2.72
23.7505 111.055 -19.6114
-30.9982 111.024 -9.5875
26.3566 111.055 15.0167
-47.2417 9.5514 4.5643
47.241 9.5514 -4.5616
-32.4357 9.4772 -14.4701
-41.8023 58.6289 -14.0905
-48.9656 34.2112 -4.3458
-41.3779 34.4134 -15.4633
-11.7046 122.287 -6.8883
-11.8311 149.745 6.0599
-13.2864 149.745 -0.389
-4.033 155.87 -13.774
-5.6707 172.144 -13.0289
3.0713 172.144 -13.8733
-7.0935 43.0771 -36.5067
-28.486 43.0693 -30.1618
-18.442 57.3324 -34.3938
-43.1382 57.3031 -15.0761
-51.8554 43.0754 0.2026
-44.3288 84.639 -7.0561
5.5516 34.4014 -34.2444
19.6301 46.0523 -33.3597
11.2847 9.9237 -29.1733
-32.4443 9.6752 -14.443
10.9153 9.6792 -23.3349
-43.1715 9.7401 13.5771
-43.1715 9.7401 13.5771
10.9153 9.6792 -23.3349
-30.1423 9.5722 20.4397
-43.1715 9.7401 13.5771
-31.8865 9.9093 24.9141
-37.4902 34.4212 22.9416
-0.0003 1.7303 0.0014
-9.5518 1.718 24.7244
-30.2883 1.6012 20.0128
-38.4938 29.6184 24.1143
-23.4689 29.6294 33.2084
-25.4452 57.3383 32.4349
43.1375 57.3031 15.0788
51.8548 43.0754 -0.1999
44.3282 84.639 7.0589
18.7013 84.6606 30.7074
30.945 84.8325 23.4466
21.7289 114.675 21.4898
14.8463 9.4928 20.1169
47.241 9.5514 -4.5616
-12.9135 9.3378 25.4262
45.1324 9.5588 4.9999
40.5085 12.4247 15.65
41.3773 34.4134 15.4661
14.2088 3.6165 -28.8332
0.4505 0.8135 -29.84
9.2147 17.9261 -34.1026
23.4683 29.6294 -33.2056
38.4931 29.6184 -24.1116
34.3951 3.5837 -23.9129
14.3734 120.576 -2.8795
38.2904 114.649 -0.2995
28.5904 116.586 -16.9859
21.7289 114.675 21.4898
4.0448 121.033 13.2275
2.5564 114.72 26.4715
32.6252 45.9304 24.6816
37.0907 9.7952 15.8485
39.9412 45.924 18.5137
40.0572 58.6095 17.8426
32.9171 84.4181 20.3959
32.6252 45.9304 24.6816
-21.7296 114.675 -21.4871
-4.0454 121.033 -13.2248
-2.5571 114.72 -26.4688
-31.6471 116.701 -10.0452
-38.291 114.649 0.3022
-14.374 120.576 2.8823
10.64 172.144 -9.4181
12.7904 154.847 -6.5488
9.4698 155.87 -10.7848
-1.3219 155.87 14.2939
3.9922 172.144 13.6396
-6.4259 172.144 12.6763
-14.3345 111.146 23.3721
-20.2646 84.4581 30.0097
-4.8903 84.4411 32.0417
-35.6583 45.9243 25.8185
-31.8865 9.9093 24.9141
-28.7276 58.6197 29.9473
39.6889 24.4081 18.5487
35.8805 9.5827 18.2485
30.2876 58.7267 25.5808
29.8588 84.6151 22.0236
41.8016 58.6289 14.0932
30.2876 58.7267 25.5808
-26.1473 34.5103 -26.3625
-30.2882 58.7267 -25.578
-36.5488 10.2773 -18.5334
47.241 9.5514 -4.5616
-17.7081 9.7084 -24.5478
-32.4357 9.4772 -14.4701
25.0052 71.4482 -33.1072
25.4446 57.3383 -32.4321
4.203 57.3358 -37.5906
11.9453 114.701 -26.228
25.8856 84.8325 -28.9331
12.4786 84.6606 -33.7163
-9.0565 126.461 6.0373
-9.561 147.465 2.8824
-6.3505 147.465 7.7089
-8.09 152.199 8.0607
-10.0595 152.162 1.9825
-12.4398 122.156 5.1559
35.6577 45.9243 -25.8157
31.8859 9.9093 -24.9114
28.7269 58.6197 -29.9446
14.3339 111.146 -23.3694
20.264 84.4581 -30.0069
4.8896 84.4411 -32.039
-12.6712 173.337 -0.3709
-13.6892 155.333 -2.1381
-12.3324 155.333 6.3167
-6.4259 172.144 12.6763
-8.0439 155.87 11.8893
-1.3219 155.87 14.2939
-42.1586 84.639 15.4126
-50.9353 43.0754 9.7286
-39.455 57.3031 23.0564
-46.3097 84.6581 0.3587
-51.1682 57.3332 4.9437
-45.5219 84.6581 8.514
3.079 84.4815 31.8823
6.1237 113.757 24.2923
14.6656 84.4743 29.8618
18.2771 71.8302 31.144
30.2876 58.7267 25.5808
10.9499 58.6879 34.2702
-18.2778 71.8302 -31.1412
-30.2882 58.7267 -25.578
-10.9505 58.6879 -34.2675
-3.0797 84.4815 -31.8796
-6.1243 113.757 -24.2896
-14.6663 84.4743 -29.8591
38.4931 29.6184 -24.1116
46.5087 43.0727 -17.7311
43.5625 0.0001 -13.6343
42.1579 84.639 -15.4098
50.9347 43.0754 -9.7258
39.4543 57.3031 -23.0536
30.2876 1.6012 -20.01
40.3204 1.707 -3.8932
-0.0003 1.7303 0.0014
32.6784 0.8187 -25.582
14.2088 3.6165 -28.8332
23.4683 29.6294 -33.2056
-28.5889 95.8063 -19.7545
-30.1543 58.7153 -25.3871
-32.9178 84.4181 -20.3931
-32.6258 45.9304 -24.6789
-37.0913 9.7952 -15.8457
-39.9418 45.924 -18.5109
-41.9532 71.4581 -16.9766
-34.1729 71.4568 -25.3925
-43.1382 57.3031 -15.0761
-38.3369 3.5837 -16.8877
-42.4947 29.6295 -18.7028
-26.7506 29.6576 -27.4739
31.1817 57.3383 26.9653
26.7499 29.6576 27.4766
42.4941 29.6295 18.7056
41.9526 71.4581 16.9794
34.1723 71.4568 25.3953
43.1375 57.3031 15.0788
-8.6801 84.4743 32.1168
-25.0915 84.6152 27.3319
-11.6832 113.731 24.5517
-35.3444 114.4 3.426
-33.5157 113.52 11.9897
-42.2745 84.3325 11.5296
8.6794 84.4743 -32.114
25.0908 84.6152 -27.3291
11.6826 113.731 -24.549
35.3438 114.4 -3.4233
33.5151 113.52 -11.9869
42.2738 84.3325 -11.5269
8.535 152.162 -5.6784
10.0589 152.162 -1.9797
14.3734 120.576 -2.8795
9.0559 126.461 -6.0346
9.9397 147.465 -0.9587
6.3498 147.465 -7.7062
-25.0058 71.4482 33.11
-25.4452 57.3383 32.4349
-4.2036 57.3358 37.5933
-4.2036 57.3358 37.5933
-25.4452 57.3383 32.4349
-22.1864 43.0693 35.059
-25.8863 84.8325 28.9359
-11.9459 114.701 26.2307
-23.307 115.277 22.2191
-11.9459 114.701 26.2307
4.0448 121.033 13.2275
-23.307 115.277 22.2191
26.7499 29.6576 27.4766
19.4649 3.6165 25.5834
38.3363 3.5837 16.8905
19.4649 3.6165 25.5834
26.7499 29.6576 27.4766
10.7718 17.9261 32.7957
-32.3289 10.2759 25.1871
-36.6943 34.2872 25.7518
-26.1692 45.8643 31.8093
-24.8218 58.7277 30.9098
-37.542 58.6152 24.8056
-25.0915 84.6152 27.3319
32.3283 10.2759 -25.1843
36.6937 34.2872 -25.7491
26.1686 45.8643 -31.8065
24.8212 58.7277 -30.907
37.5414 58.6152 -24.8028
25.0908 84.6152 -27.3291
-45.6351 43.0676 -15.1447
-42.2603 8.9051 -16.4178
-47.6166 3.489 -5.1812
-40.321 1.707 3.8959
-31.275 1.597 -16.0029
-0.0003 1.7303 0.0014
40.3204 1.707 -3.8932
31.2743 1.597 16.0057
-0.0003 1.7303 0.0014
45.6344 43.0676 15.1475
42.2597 8.9051 16.4206
47.6159 3.489 5.184
-30.9456 84.8325 -23.4438
-39.6907 84.807 -13.6546
-32.426 114.687 -13.9387
-39.6907 84.807 -13.6546
-30.9456 84.8325 -23.4438
-34.1729 71.4568 -25.3925
11.9453 114.701 -26.228
-4.0454 121.033 -13.2248
22.0429 116.901 -20.9556
25.8856 84.8325 -28.9331
11.9453 114.701 -26.228
22.0429 116.901 -20.9556
-32.679 0.8187 25.5848
-14.2095 3.6165 28.836
-23.4689 29.6294 33.2084
-0.4512 0.8135 29.8428
0.396 29.6292 35.8837
-9.2153 17.9261 34.1053
-28.7276 58.6197 29.9473
-28.4056 84.4182 26.3192
-35.9016 58.6097 25.1808
-38.1595 58.6055 21.6782
-34.9289 84.4859 19.5845
-46.4929 58.5265 12.7329
6.7528 95.6117 28.7199
17.9883 84.4402 28.7355
18.9625 112.031 21.2469
-23.7511 111.055 19.6141
2.2822 111.054 23.632
26.3566 111.055 15.0167
-48.8112 34.1557 -4.2266
-48.0701 58.5264 -3.5961
-40.0578 58.6095 -17.8398
-38.0315 84.4858 -12.534
-48.0701 58.5264 -3.5961
-36.4257 112.032 -2.7172
-32.802 114.22 -9.2817
-43.6994 84.3325 -3.2228
-42.8874 71.7355 -12.1107
-41.8023 58.6289 -14.0905
-48.1927 58.5364 -3.7398
-48.9656 34.2112 -4.3458
-7.6886 126.463 -7.6968
-2.1053 126.47 -10.6609
-4.6919 147.466 -8.8142
-15.6864 114.804 -20.8462
-1.264 118.976 -13.0808
-5.5735 120.36 -10.3149
7.688 126.463 7.6996
2.1047 126.47 10.6636
4.6912 147.466 8.817
15.6857 114.804 20.8489
1.2633 118.976 13.0836
5.5728 120.36 10.3176
30.1252 9.3733 -20.4564
13.1636 9.6846 -27.5656
47.241 9.5514 -4.5616
21.0922 24.3543 -30.8933
13.1636 9.6846 -27.5656
32.3283 10.2759 -25.1843
39.4543 57.3031 -23.0536
28.6803 71.4568 -31.4635
37.9275 71.4581 -24.6923
38.4931 29.6184 -24.1116
23.4683 29.6294 -33.2056
25.4446 57.3383 -32.4321
-21.0928 24.3543 30.8961
-13.1642 9.6846 27.5684
-32.3289 10.2759 25.1871
-34.9003 9.546 22.8959
-12.9135 9.3378 25.4262
47.241 9.5514 -4.5616
32.8013 114.22 9.2845
43.6988 84.3325 3.2255
42.8868 71.7355 12.1134
41.8016 58.6289 14.0932
48.1921 58.5364 3.7426
48.9649 34.2112 4.3485
32.6252 45.9304 24.6816
21.062 9.8363 25.1421
37.0907 9.7952 15.8485
32.4437 9.6752 14.4458
14.8551 9.5917 23.1227
10.9153 9.6792 -23.3349
-32.6258 45.9304 -24.6789
-21.0627 9.8363 -25.1393
-37.0913 9.7952 -15.8457
-14.8558 9.5917 -23.1199
10.9153 9.6792 -23.3349
-32.4443 9.6752 -14.443
8.4014 71.8123 -34.1503
-17.9889 84.4402 -28.7327
-6.7534 95.6117 -28.7171
23.7505 111.055 -19.6114
-2.3566 111.3 -24.3937
-30.9982 111.024 -9.5875
28.7269 58.6197 -29.9446
28.405 84.4182 -26.3164
35.901 58.6097 -25.178
35.901 58.6097 -25.178
34.9282 84.4859 -19.5818
46.4922 58.5265 -12.7301
47.241 9.5514 -4.5616
14.8463 9.4928 20.1169
32.435 9.4772 14.4729
35.8805 9.5827 18.2485
17.7075 9.7084 24.5506
26.1467 34.5103 26.3653
12.4965 149.745 -4.5267
12.0883 122.287 -6.1893
4.5742 122.287 -12.7867
-11.8311 149.745 6.0599
-11.7046 122.287 -6.8883
-12.7695 122.287 4.628
-12.0531 34.3733 -32.7305
-17.7879 12.5313 -27.3236
4.2939 24.4971 -32.8495
-36.5488 10.2773 -18.5334
-20.3201 9.5194 -25.2091
-26.1473 34.5103 -26.3625
48.0694 58.5264 3.5989
38.0309 84.4858 12.5367
40.0572 58.6095 17.8426
48.0694 58.5264 3.5989
48.8106 34.1557 4.2294
50.4743 34.1843 -4.8744
-11.7046 122.287 -6.8883
-13.2864 149.745 -0.389
-6.9297 150.086 -11.6611
3.0713 172.144 -13.8733
4.8398 154.847 -13.5294
-4.033 155.87 -13.774
-0.0003 1.7303 0.0014
9.5511 1.718 -24.7216
30.2876 1.6012 -20.01
-14.9757 1.7774 -20.3637
9.5511 1.718 -24.7216
-0.0003 1.7303 0.0014
42.1461 84.3263 -11.3844
33.6915 112.032 -12.1571
37.2469 112.034 -3.5964
23.7505 111.055 -19.6114
31.0436 112.033 13.2373
36.4251 112.032 2.72
22.1857 43.0693 -35.0562
-0.3966 29.6292 -35.8809
4.203 57.3358 -37.5906
0.4505 0.8135 -29.84
-0.3966 29.6292 -35.8809
9.2147 17.9261 -34.1026
36.1046 113.516 2.6782
43.6988 84.3325 3.2255
32.8013 114.22 9.2845
9 119.407 -8.9073
35.3438 114.4 -3.4233
32.8013 114.22 9.2845
-43.5632 0.0001 13.6371
-34.3957 3.5837 23.9157
-38.4938 29.6184 24.1143
-23.4689 29.6294 33.2084
-38.4938 29.6184 24.1143
-34.3957 3.5837 23.9157
-36.1052 113.516 -2.6755
-43.6994 84.3325 -3.2228
-32.802 114.22 -9.2817
-9.0006 119.407 8.9101
-35.3444 114.4 3.426
-32.802 114.22 -9.2817
10.9499 58.6879 34.2702
3.079 84.4815 31.8823
18.2771 71.8302 31.144
-23.6976 71.8456 31.7684
-8.6801 84.4743 32.1168
-4.1892 58.6879 35.7325
23.697 71.8456 -31.7656
8.6794 84.4743 -32.114
4.1886 58.6879 -35.7297
-10.9505 58.6879 -34.2675
-3.0797 84.4815 -31.8796
-18.2778 71.8302 -31.1412
-10.052 152.162 -2.0178
-13.1964 122.156 -2.677
-14.374 120.576 2.8823
-14.374 120.576 2.8823
-13.1964 122.156 -2.677
-31.6471 116.701 -10.0452
14.3734 120.576 -2.8795
12.5887 121.375 5.2787
31.6465 116.701 10.048
10.0589 152.162 -1.9797
12.5887 121.375 5.2787
14.3734 120.576 -2.8795
30.1537 58.7153 25.3899
28.5882 95.8063 19.7573
25.6329 84.4581 25.5765
17.9883 84.4402 28.7355
-8.402 71.8123 34.1531
17.7925 58.6855 32.4704
8.9815 173.337 8.9465
10.1818 154.847 10.1419
13.8076 154.847 3.9823
13.0497 122.287 3.7638
12.4965 149.745 -4.5267
12.2091 149.745 5.2552
10.9499 58.6879 34.2702
30.2876 58.7267 25.5808
27.2046 46.0131 28.9888
26.1467 34.5103 26.3653
30.2876 58.7267 25.5808
35.8805 9.5827 18.2485
30.945 84.8325 23.4466
29.2177 115.916 15.54
25.1699 116.046 18.4436
25.1699 116.046 18.4436
31.6465 116.701 10.048
9.6661 121.367 9.6362
14.347 155.87 0.4229
12.365 173.337 -2.7892
13.6541 172.144 3.9381
3.9922 172.144 13.6396
6.9109 174.042 -0.6662
-3.3361 174.158 -0.9604
-30.1423 9.5722 20.4397
10.9153 9.6792 -23.3349
-10.9161 9.6792 23.3377
-31.8865 9.9093 24.9141
-11.2853 9.9237 29.176
-20.5147 34.5388 30.6816
-19.6308 46.0523 33.3625
-5.5523 34.4014 34.2471
-4.1877 58.6804 35.5357
-20.2646 84.4581 30.0097
-21.4106 58.7259 33.1054
-8.402 71.8123 34.1531
20.264 84.4581 -30.0069
21.41 58.7259 -33.1026
8.4014 71.8123 -34.1503
19.6301 46.0523 -33.3597
5.5516 34.4014 -34.2444
4.1871 58.6804 -35.5329
28.4854 43.0693 30.1646
7.0929 43.0771 36.5094
10.7718 17.9261 32.7957
7.0929 43.0771 36.5094
28.4854 43.0693 30.1646
18.4414 57.3324 34.3965
31.8859 9.9093 -24.9114
11.2847 9.9237 -29.1733
20.514 34.5388 -30.6788
43.1709 9.7401 -13.5743
10.9153 9.6792 -23.3349
30.1417 9.5722 -20.4369
-44.948 12.4138 13.8161
-49.3848 34.1959 9.4575
-40.591 34.2387 22.4489
-41.3779 34.4134 -15.4633
-48.9656 34.2112 -4.3458
-46.7611 12.4137 -4.9554
3.4953 120.36 -11.1908
2.9172 147.466 -9.5492
-0.9604 147.466 -9.9385
8.0893 152.199 -8.058
7.6434 121.367 -11.3054
2.0189 152.162 -10.0503
-31.1824 57.3383 -26.9625
-26.7506 29.6576 -27.4739
-42.4947 29.6295 -18.7028
-28.486 43.0693 -30.1618
-31.1824 57.3383 -26.9625
-18.442 57.3324 -34.3938
44.9474 12.4138 -13.8133
49.3841 34.1959 -9.4547
40.5903 34.2387 -22.4462
41.3773 34.4134 15.4661
48.9649 34.2112 4.3485
45.1324 9.5588 4.9999
30.945 84.8325 23.4466
39.69 84.807 13.6574
32.4254 114.687 13.9415
39.69 84.807 13.6574
30.945 84.8325 23.4466
34.1723 71.4568 25.3953
28.5882 95.8063 19.7573
30.1537 58.7153 25.3899
32.9171 84.4181 20.3959
36.4251 112.032 2.72
31.0436 112.033 13.2373
38.0309 84.4858 12.5367
-18.442 57.3324 -34.3938
-31.1824 57.3383 -26.9625
-30.8803 71.4482 -27.7093
-18.7019 84.6606 -30.7046
-30.9456 84.8325 -23.4438
-21.7296 114.675 -21.4871
-41.7138 45.9064 -17.7924
-30.2882 58.7267 -25.578
-41.8023 58.6289 -14.0905
-29.8595 84.6151 -22.0209
-41.8023 58.6289 -14.0905
-30.2882 58.7267 -25.578
28.6803 71.4568 -31.4635
25.8856 84.8325 -28.9331
36.3426 84.807 -20.9987
28.5904 116.586 -16.9859
36.3426 84.807 -20.9987
25.8856 84.8325 -28.9331
-28.6809 71.4568 31.4662
-25.8863 84.8325 28.9359
-36.3433 84.807 21.0014
-28.591 116.586 16.9887
-36.3433 84.807 21.0014
-25.8863 84.8325 28.9359
-6.7534 95.6117 -28.7171
-17.9889 84.4402 -28.7327
-18.9632 112.031 -21.2441
-30.1543 58.7153 -25.3871
-28.5889 95.8063 -19.7545
-25.6335 84.4581 -25.5737
28.4854 43.0693 30.1646
31.1817 57.3383 26.9653
18.4414 57.3324 34.3965
18.4414 57.3324 34.3965
31.1817 57.3383 26.9653
30.8797 71.4482 27.712
-42.1467 84.3263 11.3872
-27.4841 111.058 17.3516
-37.2476 112.034 3.5992
-30.9982 111.024 -9.5875
-37.2476 112.034 3.5992
-27.4841 111.058 17.3516
39.115 43.0722 -26.189
25.4446 57.3383 -32.4321
39.4543 57.3031 -23.0536
39.4543 57.3031 -23.0536
46.5087 43.0727 -17.7311
38.4931 29.6184 -24.1116
-39.455 57.3031 23.0564
-28.6809 71.4568 31.4662
-37.9282 71.4581 24.695
-39.1156 43.0722 26.1918
-25.4452 57.3383 32.4349
-39.455 57.3031 23.0564
-40.0578 58.6095 -17.8398
-32.9178 84.4181 -20.3931
-32.6258 45.9304 -24.6789
-48.0701 58.5264 -3.5961
-38.0315 84.4858 -12.534
-40.0578 58.6095 -17.8398
-1.264 118.976 -13.0808
-15.6864 114.804 -20.8462
1.233 114.775 -24.0912
1.233 114.775 -24.0912
22.5159 114.13 -20.8931
9 119.407 -8.9073
1.2633 118.976 13.0836
15.6857 114.804 20.8489
-1.2336 114.775 24.094
-1.2336 114.775 24.094
-22.5166 114.13 20.8959
-9.0006 119.407 8.9101
26.0363 34.5358 26.1666
12.0035 34.4015 32.5515
16.4671 9.9159 26.613
12.0035 34.4015 32.5515
-0.7245 12.579 29.947
16.4671 9.9159 26.613
-26.037 34.5358 -26.1638
-12.0041 34.4015 -32.5487
-16.4677 9.9159 -26.6102
-12.0041 34.4015 -32.5487
0.7239 12.579 -29.9442
-16.4677 9.9159 -26.6102
-9.5518 1.718 24.7244
14.9751 1.7774 20.3665
-0.4512 0.8135 29.8428
-14.2095 3.6165 28.836
-0.4512 0.8135 29.8428
-9.2153 17.9261 34.1053
-10.1825 154.847 -10.1392
-12.6712 173.337 -0.3709
-8.9821 173.337 -8.9438
-8.9821 173.337 -8.9438
-12.6712 173.337 -0.3709
2.923 173.917 -8.1708
-42.1586 84.639 15.4126
-32.0761 114.645 16.9453
-37.6407 114.649 7.0347
-14.374 120.576 2.8823
-38.291 114.649 0.3022
-28.591 116.586 16.9887
-37.542 58.6152 24.8056
-26.1692 45.8643 31.8093
-36.6943 34.2872 25.7518
-40.591 34.2387 22.4489
-49.3848 34.1959 9.4575
-41.2754 58.5973 21.0746
40.5903 34.2387 -22.4462
49.3841 34.1959 -9.4547
41.2747 58.5973 -21.0718
37.5414 58.6152 -24.8028
26.1686 45.8643 -31.8065
36.6937 34.2872 -25.7491
41.7132 45.9064 17.7951
30.2876 58.7267 25.5808
41.8016 58.6289 14.0932
41.8016 58.6289 14.0932
48.9649 34.2112 4.3485
41.3773 34.4134 15.4661
-19.4655 3.6165 -25.5806
-26.7506 29.6576 -27.4739
-10.7724 17.9261 -32.7929
9.5511 1.718 -24.7216
-14.9757 1.7774 -20.3637
0.4505 0.8135 -29.84
-39.6896 24.4081 -18.5459
-36.5488 10.2773 -18.5334
-30.2882 58.7267 -25.578
-46.7611 12.4137 -4.9554
-40.5092 12.4247 -15.6473
-41.3779 34.4134 -15.4633
-38.1595 58.6055 21.6782
-46.4929 58.5265 12.7329
-47.1059 34.1746 13.4877
-37.4902 34.4212 22.9416
-31.8865 9.9093 24.9141
-35.6583 45.9243 25.8185
43.1375 57.3031 15.0788
31.1817 57.3383 26.9653
43.4046 43.0722 18.2212
43.1375 57.3031 15.0788
42.4941 29.6295 18.7056
42.2597 8.9051 16.4206
-43.1382 57.3031 -15.0761
-42.4947 29.6295 -18.7028
-42.2603 8.9051 -16.4178
-43.1382 57.3031 -15.0761
-31.1824 57.3383 -26.9625
-43.4052 43.0722 -18.2184
21.1536 46.0127 -33.6565
24.8212 58.7277 -30.907
4.1886 58.6879 -35.7297
26.1686 45.8643 -31.8065
37.5414 58.6152 -24.8028
24.8212 58.7277 -30.907
-26.1692 45.8643 31.8093
-37.542 58.6152 24.8056
-24.8218 58.7277 30.9098
-21.1542 46.0127 33.6592
-24.8218 58.7277 30.9098
-4.1892 58.6879 35.7325
48.6961 12.4311 -4.7094
50.4743 34.1843 -4.8744
48.8106 34.1557 4.2294
37.4895 34.4212 -22.9388
47.1053 34.1746 -13.4849
43.1709 9.7401 -13.5743
17.7925 58.6855 32.4704
12.0035 34.4015 32.5515
26.0363 34.5358 26.1666
32.6252 45.9304 24.6816
32.9171 84.4181 20.3959
30.1537 58.7153 25.3899
-32.6258 45.9304 -24.6789
-32.9178 84.4181 -20.3931
-30.1543 58.7153 -25.3871
-17.7932 58.6855 -32.4676
-12.0041 34.4015 -32.5487
-26.037 34.5358 -26.1638
-47.1059 34.1746 13.4877
-50.475 34.1844 4.8772
-48.6967 12.4311 4.7121
-45.8047 10.2859 -4.9379
-48.8112 34.1557 -4.2266
-41.1962 34.4171 -15.318
38.2904 114.649 -0.2995
31.6465 116.701 10.048
44.3282 84.639 7.0589
31.6465 116.701 10.048
38.2904 114.649 -0.2995
14.3734 120.576 -2.8795
48.8106 34.1557 4.2294
48.0694 58.5264 3.5989
40.0572 58.6095 17.8426
40.0572 58.6095 17.8426
32.6252 45.9304 24.6816
39.9412 45.924 18.5137
25.0908 84.6152 -27.3291
37.5414 58.6152 -24.8028
35.0848 84.5424 -19.7309
25.0908 84.6152 -27.3291
35.0848 84.5424 -19.7309
29.1006 114.009 -16.4947
-25.0915 84.6152 27.3319
-35.0854 84.5424 19.7336
-29.1012 114.009 16.4975
-25.0915 84.6152 27.3319
-37.542 58.6152 24.8056
-35.0854 84.5424 19.7336
-3.496 120.36 11.1936
-2.9179 147.466 9.552
0.9598 147.466 9.9412
-8.09 152.199 8.0607
-7.644 121.367 11.3082
-5.7124 152.162 8.5152
-12.7695 122.287 4.628
-2.8733 149.745 12.979
-11.8311 149.745 6.0599
2.1058 149.745 13.1253
4.0324 155.87 13.7767
-8.0439 155.87 11.8893
-35.9016 58.6097 25.1808
-28.4056 84.4182 26.3192
-34.9289 84.4859 19.5845
-27.4841 111.058 17.3516
-34.9289 84.4859 19.5845
-28.4056 84.4182 26.3192
30.2876 58.7267 25.5808
18.2771 71.8302 31.144
29.3389 71.8457 26.6457
15.6857 114.804 20.8489
29.8588 84.6151 22.0236
14.6656 84.4743 29.8618
-15.6864 114.804 -20.8462
-29.8595 84.6151 -22.0209
-14.6663 84.4743 -29.8591
-30.2882 58.7267 -25.578
-18.2778 71.8302 -31.1412
-29.3396 71.8457 -26.6429
35.901 58.6097 -25.178
28.405 84.4182 -26.3164
34.9282 84.4859 -19.5818
27.9359 112.033 -18.9318
34.9282 84.4859 -19.5818
28.405 84.4182 -26.3164
-9.5511 147.465 -2.9161
-10.0618 142.781 0.9732
-11.2094 121.353 -2.2822
-13.1964 122.156 -2.677
-10.052 152.162 -2.0178
-8.5141 152.162 -5.7107
9.5505 147.465 2.9189
9.9397 147.465 -0.9587
11.2087 121.353 2.285
12.5887 121.375 5.2787
10.0589 152.162 -1.9797
10.0513 152.162 2.0206
12.2091 149.745 5.2552
6.9371 122.287 11.6774
13.0497 122.287 3.7638
24.8884 114.272 17.5273
11.8182 119.014 6.3421
32.8013 114.22 9.2845
24.8884 114.272 17.5273
30.3863 114.265 12.9773
29.8588 84.6151 22.0236
-18.8859 71.4653 -32.9506
4.6699 71.4722 -36.3382
4.203 57.3358 -37.5906
4.203 57.3358 -37.5906
4.6699 71.4722 -36.3382
25.0052 71.4482 -33.1072
-4.2036 57.3358 37.5933
-4.6705 71.4722 36.341
-25.0058 71.4482 33.11
18.8853 71.4653 32.9534
-4.6705 71.4722 36.341
-4.2036 57.3358 37.5933
-24.889 114.272 -17.5245
-30.387 114.265 -12.9745
-29.8595 84.6151 -22.0209
-24.889 114.272 -17.5245
-11.8189 119.014 -6.3393
-32.802 114.22 -9.2817
-19.6308 46.0523 33.3625
-20.5147 34.5388 30.6816
-11.2853 9.9237 29.176
-31.8865 9.9093 24.9141
-20.5147 34.5388 30.6816
-28.7276 58.6197 29.9473
31.8859 9.9093 -24.9114
20.514 34.5388 -30.6788
28.7269 58.6197 -29.9446
19.6301 46.0523 -33.3597
20.514 34.5388 -30.6788
11.2847 9.9237 -29.1733
-12.3324 155.333 6.3167
-11.7373 172.144 8.0129
-12.6712 173.337 -0.3709
-6.4259 172.144 12.6763
3.9922 172.144 13.6396
-3.3361 174.158 -0.9604
-31.275 1.597 -16.0029
-40.321 1.707 3.8959
-47.0448 0 -0.3185
-49.7837 3.489 4.8099
-43.5632 0.0001 13.6371
-46.5093 43.0727 17.7339
49.783 3.489 -4.8072
43.5625 0.0001 -13.6343
46.5087 43.0727 -17.7311
31.2743 1.597 16.0057
40.3204 1.707 -3.8932
47.0442 0 0.3213
2.923 173.917 -8.1708
-3.3361 174.158 -0.9604
6.9109 174.042 -0.6662
12.7904 154.847 -6.5488
10.64 172.144 -9.4181
12.365 173.337 -2.7892
-25.1705 116.046 -18.4408
-31.6471 116.701 -10.0452
-9.6668 121.367 -9.6334
-30.9456 84.8325 -23.4438
-29.2184 115.916 -15.5372
-25.1705 116.046 -18.4408
9 119.407 -8.9073
3.4953 120.36 -11.1908
1.233 114.775 -24.0912
6.3498 147.465 -7.7062
3.4953 120.36 -11.1908
9.0559 126.461 -6.0346
-6.3505 147.465 7.7089
-3.496 120.36 11.1936
-9.0565 126.461 6.0373
-9.0006 119.407 8.9101
-3.496 120.36 11.1936
-1.2336 114.775 24.094
-13.1642 9.6846 27.5684
-20.5849 34.5134 30.8976
-4.2945 24.4971 32.8523
7.5188 9.5872 28.1437
-13.1642 9.6846 27.5684
-4.2945 24.4971 32.8523
-0.3966 29.6292 -35.8809
22.1857 43.0693 -35.0562
9.2147 17.9261 -34.1026
16.6988 17.9297 -33.2758
23.4683 29.6294 -33.2056
14.2088 3.6165 -28.8332
-16.6995 17.9297 33.2785
-23.4689 29.6294 33.2084
-14.2095 3.6165 28.836
0.396 29.6292 35.8837
-22.1864 43.0693 35.059
-9.2153 17.9261 34.1053
39.69 84.807 13.6574
44.3282 84.639 7.0589
31.6465 116.701 10.048
43.1375 57.3031 15.0788
44.3282 84.639 7.0589
39.69 84.807 13.6574
-39.6907 84.807 -13.6546
-44.3288 84.639 -7.0561
-31.6471 116.701 -10.0452
-43.1382 57.3031 -15.0761
-44.3288 84.639 -7.0561
-39.6907 84.807 -13.6546
12.2328 12.529 -30.2216
20.5843 34.5134 -30.8949
4.2939 24.4971 -32.8495
-7.5194 9.5872 -28.1409
12.2328 12.529 -30.2216
4.2939 24.4971 -32.8495
-29.1012 114.009 16.4975
-22.5166 114.13 20.8959
-25.0915 84.6152 27.3319
-22.5166 114.13 20.8959
-29.1012 114.009 16.4975
-9.0006 119.407 8.9101
7.7076 147.465 6.3511
4.6912 147.466 8.817
4.3498 152.199 10.5594
0.9598 147.466 9.9412
-2.9179 147.466 9.552
-2.0195 152.162 10.053
26.3566 111.055 15.0167
18.9625 112.031 21.2469
25.6329 84.4581 25.5765
18.9625 112.031 21.2469
26.3566 111.055 15.0167
2.2822 111.054 23.632
29.1006 114.009 -16.4947
22.5159 114.13 -20.8931
25.0908 84.6152 -27.3291
22.5159 114.13 -20.8931
29.1006 114.009 -16.4947
9 119.407 -8.9073
49.2755 58.5067 -4.7582
47.1053 34.1746 -13.4849
46.4922 58.5265 -12.7301
37.2469 112.034 -3.5964
49.2755 58.5067 -4.7582
46.4922 58.5265 -12.7301
7.4483 149.745 -11.0073
9.4698 155.87 -10.7848
12.7904 154.847 -6.5488
-2.2722 154.91 -14.1557
-10.1825 154.847 -10.1392
4.8398 154.847 -13.5294
10.9499 58.6879 34.2702
12.0525 34.3733 32.7333
-0.0646 45.9869 35.4314
10.9499 58.6879 34.2702
-4.1892 58.6879 35.7325
-8.6801 84.4743 32.1168
-10.9505 58.6879 -34.2675
-12.0531 34.3733 -32.7305
0.0639 45.9869 -35.4286
-10.9505 58.6879 -34.2675
4.1886 58.6879 -35.7297
8.6794 84.4743 -32.114
14.3339 111.146 -23.3694
23.7505 111.055 -19.6114
28.405 84.4182 -26.3164
23.7505 111.055 -19.6114
14.3339 111.146 -23.3694
-2.3566 111.3 -24.3937
-23.307 115.277 22.2191
-12.4398 122.156 5.1559
-28.591 116.586 16.9887
-25.8863 84.8325 28.9359
-26.168 114.67 21.928
-28.591 116.586 16.9887
35.3438 114.4 -3.4233
49.3947 58.5238 -4.7697
43.6988 84.3325 3.2255
48.1921 58.5364 3.7426
49.3947 58.5238 -4.7697
50.6055 34.1889 -4.8866
-48.1927 58.5364 -3.7398
-49.3953 58.5238 4.7724
-50.6061 34.1889 4.8894
-35.3444 114.4 3.426
-49.3953 58.5238 4.7724
-43.6994 84.3325 -3.2228
-2.5571 114.72 -26.4688
12.4786 84.6606 -33.7163
-3.2645 84.6731 -33.7927
4.6699 71.4722 -36.3382
-18.8859 71.4653 -32.9506
-3.2645 84.6731 -33.7927
-4.6705 71.4722 36.341
18.8853 71.4653 32.9534
3.2638 84.6731 33.7955
2.5564 114.72 26.4715
-12.4792 84.6606 33.7191
3.2638 84.6731 33.7955
-37.2476 112.034 3.5992
-49.2762 58.5068 4.7609
-46.4929 58.5265 12.7329
-49.2762 58.5068 4.7609
-47.1059 34.1746 13.4877
-46.4929 58.5265 12.7329
22.0429 116.901 -20.9556
12.4392 122.156 -5.1531
28.5904 116.586 -16.9859
25.8856 84.8325 -28.9331
26.1674 114.67 -21.9252
28.5904 116.586 -16.9859
-23.7511 111.055 19.6141
-14.3345 111.146 23.3721
2.2822 111.054 23.632
-14.3345 111.146 23.3721
-23.7511 111.055 19.6141
-28.4056 84.4182 26.3192
-32.0761 114.645 16.9453
-42.1586 84.639 15.4126
-36.3433 84.807 21.0014
-36.3433 84.807 21.0014
-42.1586 84.639 15.4126
-39.455 57.3031 23.0564
32.0754 114.645 -16.9425
42.1579 84.639 -15.4098
36.3426 84.807 -20.9987
36.3426 84.807 -20.9987
42.1579 84.639 -15.4098
39.4543 57.3031 -23.0536
37.9647 84.4329 15.5579
41.8016 58.6289 14.0932
29.8588 84.6151 22.0236
42.8868 71.7355 12.1134
37.9647 84.4329 15.5579
32.8013 114.22 9.2845
-37.9653 84.4329 -15.5551
-41.8023 58.6289 -14.0905
-29.8595 84.6151 -22.0209
-42.8874 71.7355 -12.1107
-37.9653 84.4329 -15.5551
-32.802 114.22 -9.2817
-12.6712 173.337 -0.3709
-10.1825 154.847 -10.1392
-13.6892 155.333 -2.1381
-10.1825 154.847 -10.1392
-6.9297 150.086 -11.6611
-13.2864 149.745 -0.389
-51.8554 43.0754 0.2026
-47.0448 0 -0.3185
-52.2024 29.6289 5.0436
-50.9353 43.0754 9.7286
-45.5219 84.6581 8.514
-51.1682 57.3332 4.9437
51.8548 43.0754 -0.1999
47.0442 0 0.3213
52.2017 29.6289 -5.0408
50.9347 43.0754 -9.7258
45.5213 84.6581 -8.5112
51.1675 57.3332 -4.9409
-40.0578 58.6095 -17.8398
-32.6258 45.9304 -24.6789
-39.9418 45.924 -18.5109
-40.0578 58.6095 -17.8398
-41.1962 34.4171 -15.318
-48.8112 34.1557 -4.2266
12.0525 34.3733 32.7333
26.1467 34.5103 26.3653
16.5875 9.5997 26.3696
27.2046 46.0131 28.9888
12.0525 34.3733 32.7333
10.9499 58.6879 34.2702
-27.2052 46.0131 -28.986
-12.0531 34.3733 -32.7305
-10.9505 58.6879 -34.2675
-12.0531 34.3733 -32.7305
-26.1473 34.5103 -26.3625
-17.7879 12.5313 -27.3236
-2.3566 111.3 -24.3937
-26.453 112.028 -16.5544
-30.9982 111.024 -9.5875
-30.9982 111.024 -9.5875
-28.5889 95.8063 -19.7545
-32.9178 84.4181 -20.3931
10.7718 17.9261 32.7957
0.396 29.6292 35.8837
-0.4512 0.8135 29.8428
10.7718 17.9261 32.7957
-0.4512 0.8135 29.8428
19.4649 3.6165 25.5834
-10.7724 17.9261 -32.7929
-0.3966 29.6292 -35.8809
0.4505 0.8135 -29.84
-10.7724 17.9261 -32.7929
0.4505 0.8135 -29.84
-19.4655 3.6165 -25.5806
-4.1877 58.6804 35.5357
-5.5523 34.4014 34.2471
12.0035 34.4015 32.5515
12.0035 34.4015 32.5515
-5.5523 34.4014 34.2471
-0.7245 12.579 29.947
-12.0041 34.4015 -32.5487
5.5516 34.4014 -34.2444
0.7239 12.579 -29.9442
4.1871 58.6804 -35.5329
5.5516 34.4014 -34.2444
-12.0041 34.4015 -32.5487
4.203 57.3358 -37.5906
-18.442 57.3324 -34.3938
-18.8859 71.4653 -32.9506
-30.8803 71.4482 -27.7093
-18.8859 71.4653 -32.9506
-18.442 57.3324 -34.3938
30.8797 71.4482 27.712
18.8853 71.4653 32.9534
18.4414 57.3324 34.3965
-4.2036 57.3358 37.5933
18.4414 57.3324 34.3965
18.8853 71.4653 32.9534
35.6577 45.9243 -25.8157
28.7269 58.6197 -29.9446
35.901 58.6097 -25.178
47.1053 34.1746 -13.4849
37.4895 34.4212 -22.9388
35.901 58.6097 -25.178
3.9922 172.144 13.6396
4.0324 155.87 13.7767
10.1818 154.847 10.1419
4.0324 155.87 13.7767
2.1058 149.745 13.1253
12.2091 149.745 5.2552
-37.0913 9.7952 -15.8457
-43.1715 9.7401 13.5771
-48.6967 12.4311 4.7121
-48.6967 12.4311 4.7121
-43.1715 9.7401 13.5771
-47.1059 34.1746 13.4877
-46.7611 12.4137 -4.9554
-47.2417 9.5514 4.5643
-36.5488 10.2773 -18.5334
-47.2417 9.5514 4.5643
-46.7611 12.4137 -4.9554
-50.6061 34.1889 4.8894
13.8076 154.847 3.9823
12.2091 149.745 5.2552
12.4965 149.745 -4.5267
12.365 173.337 -2.7892
14.347 155.87 0.4229
12.7904 154.847 -6.5488
45.804 10.2859 4.9406
48.8106 34.1557 4.2294
41.1955 34.4171 15.3207
40.0572 58.6095 17.8426
41.1955 34.4171 15.3207
48.8106 34.1557 4.2294
-6.9297 150.086 -11.6611
-3.8161 122.287 -13.0332
-11.7046 122.287 -6.8883
-47.1059 34.1746 13.4877
-37.4902 34.4212 22.9416
-38.1595 58.6055 21.6782
-37.4902 34.4212 22.9416
-47.1059 34.1746 13.4877
-43.1715 9.7401 13.5771
37.0907 9.7952 15.8485
43.1709 9.7401 -13.5743
48.6961 12.4311 -4.7094
48.6961 12.4311 -4.7094
43.1709 9.7401 -13.5743
47.1053 34.1746 -13.4849
-7.644 121.367 11.3082
-12.4398 122.156 5.1559
-23.307 115.277 22.2191
-12.4398 122.156 5.1559
-7.644 121.367 11.3082
-8.09 152.199 8.0607
12.4392 122.156 -5.1531
7.6434 121.367 -11.3054
8.0893 152.199 -8.058
7.6434 121.367 -11.3054
12.4392 122.156 -5.1531
22.0429 116.901 -20.9556
43.1375 57.3031 15.0788
42.2597 8.9051 16.4206
45.6344 43.0676 15.1475
49.0428 43.0727 8.5045
51.8548 43.0754 -0.1999
43.1375 57.3031 15.0788
-43.1382 57.3031 -15.0761
-42.2603 8.9051 -16.4178
-45.6351 43.0676 -15.1447
-49.0434 43.0727 -8.5018
-51.8554 43.0754 0.2026
-43.1382 57.3031 -15.0761
-24.889 114.272 -17.5245
-5.5735 120.36 -10.3149
-11.8189 119.014 -6.3393
-7.6886 126.463 -7.6968
-9.5511 147.465 -2.9161
-11.8189 119.014 -6.3393
8.4014 71.8123 -34.1503
4.1871 58.6804 -35.5329
-17.7932 58.6855 -32.4676
8.4014 71.8123 -34.1503
21.41 58.7259 -33.1026
4.1871 58.6804 -35.5329
-8.402 71.8123 34.1531
-4.1877 58.6804 35.5357
17.7925 58.6855 32.4704
-8.402 71.8123 34.1531
-21.4106 58.7259 33.1054
-4.1877 58.6804 35.5357
24.8884 114.272 17.5273
5.5728 120.36 10.3176
11.8182 119.014 6.3421
7.688 126.463 7.6996
9.5505 147.465 2.9189
11.8182 119.014 6.3421
-0.9604 147.466 -9.9385
2.9172 147.466 -9.5492
2.0189 152.162 -10.0503
-7.7083 147.465 -6.3483
-4.6919 147.466 -8.8142
-5.6801 152.162 -8.534
4.3498 152.199 10.5594
8.5135 152.162 5.7135
7.7076 147.465 6.3511
9.9397 147.465 -0.9587
9.5505 147.465 2.9189
10.0513 152.162 2.0206
45.1324 9.5588 4.9999
47.241 9.5514 -4.5616
35.8805 9.5827 18.2485
47.241 9.5514 -4.5616
45.1324 9.5588 4.9999
50.6055 34.1889 -4.8866
8.0893 152.199 -8.058
2.0189 152.162 -10.0503
2.9172 147.466 -9.5492
10.0589 152.162 -1.9797
8.535 152.162 -5.6784
6.3498 147.465 -7.7062
30.1537 58.7153 25.3899
17.9883 84.4402 28.7355
17.7925 58.6855 32.4704
26.0363 34.5358 26.1666
30.1537 58.7153 25.3899
17.7925 58.6855 32.4704
-30.1543 58.7153 -25.3871
-17.9889 84.4402 -28.7327
-17.7932 58.6855 -32.4676
-26.037 34.5358 -26.1638
-30.1543 58.7153 -25.3871
-17.7932 58.6855 -32.4676
24.8212 58.7277 -30.907
20.5843 34.5134 -30.8949
26.1686 45.8643 -31.8065
13.1636 9.6846 -27.5656
26.1686 45.8643 -31.8065
20.5843 34.5134 -30.8949
-13.1642 9.6846 27.5684
-26.1692 45.8643 31.8093
-20.5849 34.5134 30.8976
-24.8218 58.7277 30.9098
-20.5849 34.5134 30.8976
-26.1692 45.8643 31.8093
-9.561 147.465 2.8824
-9.5511 147.465 -2.9161
-10.052 152.162 -2.0178
-10.0595 152.162 1.9825
-8.09 152.199 8.0607
-9.561 147.465 2.8824
-2.8733 149.745 12.979
-7.6113 122.287 11.25
0.454 122.287 13.5753
-4.0454 121.033 -13.2248
11.9453 114.701 -26.228
-2.5571 114.72 -26.4688
12.4786 84.6606 -33.7163
-2.5571 114.72 -26.4688
11.9453 114.701 -26.228
4.0448 121.033 13.2275
-11.9459 114.701 26.2307
2.5564 114.72 26.4715
-12.4792 84.6606 33.7191
2.5564 114.72 26.4715
-11.9459 114.701 26.2307
-50.6061 34.1889 4.8894
-48.9656 34.2112 -4.3458
-48.1927 58.5364 -3.7398
-48.9656 34.2112 -4.3458
-50.6061 34.1889 4.8894
-46.7611 12.4137 -4.9554
50.6055 34.1889 -4.8866
48.9649 34.2112 4.3485
48.1921 58.5364 3.7426
48.9649 34.2112 4.3485
50.6055 34.1889 -4.8866
45.1324 9.5588 4.9999
-5.6801 152.162 -8.534
-8.5141 152.162 -5.7107
-7.7083 147.465 -6.3483
-8.5141 152.162 -5.7107
-10.052 152.162 -2.0178
-9.5511 147.465 -2.9161
-11.7373 172.144 8.0129
-12.3324 155.333 6.3167
-8.0439 155.87 11.8893
-8.0439 155.87 11.8893
-11.8311 149.745 6.0599
-2.8733 149.745 12.979
8.9815 173.337 8.9465
6.9109 174.042 -0.6662
3.9922 172.144 13.6396
10.1818 154.847 10.1419
8.9815 173.337 8.9465
3.9922 172.144 13.6396
29.2177 115.916 15.54
31.6465 116.701 10.048
25.1699 116.046 18.4436
39.69 84.807 13.6574
31.6465 116.701 10.048
32.4254 114.687 13.9415
-29.2184 115.916 -15.5372
-31.6471 116.701 -10.0452
-25.1705 116.046 -18.4408
-39.6907 84.807 -13.6546
-31.6471 116.701 -10.0452
-32.426 114.687 -13.9387
18.9625 112.031 21.2469
2.2822 111.054 23.632
6.7528 95.6117 28.7199
2.2822 111.054 23.632
-4.8903 84.4411 32.0417
6.7528 95.6117 28.7199
-5.6801 152.162 -8.534
-4.0454 121.033 -13.2248
-9.6668 121.367 -9.6334
-4.0454 121.033 -13.2248
-21.7296 114.675 -21.4871
-9.6668 121.367 -9.6334
-2.0195 152.162 10.053
4.3498 152.199 10.5594
0.9598 147.466 9.9412
4.0448 121.033 13.2275
4.3498 152.199 10.5594
-2.0195 152.162 10.053
-18.9632 112.031 -21.2441
-2.3566 111.3 -24.3937
-6.7534 95.6117 -28.7171
-2.3566 111.3 -24.3937
4.8896 84.4411 -32.039
-6.7534 95.6117 -28.7171
35.0848 84.5424 -19.7309
42.2738 84.3325 -11.5269
33.5151 113.52 -11.9869
42.2738 84.3325 -11.5269
35.0848 84.5424 -19.7309
41.2747 58.5973 -21.0718
-35.0854 84.5424 19.7336
-42.2745 84.3325 11.5296
-33.5157 113.52 11.9897
-42.2745 84.3325 11.5296
-35.0854 84.5424 19.7336
-41.2754 58.5973 21.0746
4.6699 71.4722 -36.3382
-3.2645 84.6731 -33.7927
12.4786 84.6606 -33.7163
4.6699 71.4722 -36.3382
12.4786 84.6606 -33.7163
25.8856 84.8325 -28.9331
-4.6705 71.4722 36.341
-12.4792 84.6606 33.7191
-25.8863 84.8325 28.9359
-4.6705 71.4722 36.341
3.2638 84.6731 33.7955
-12.4792 84.6606 33.7191
-21.4106 58.7259 33.1054
-28.7276 58.6197 29.9473
-20.5147 34.5388 30.6816
-28.7276 58.6197 29.9473
-21.4106 58.7259 33.1054
-20.2646 84.4581 30.0097
28.7269 58.6197 -29.9446
21.41 58.7259 -33.1026
20.264 84.4581 -30.0069
21.41 58.7259 -33.1026
28.7269 58.6197 -29.9446
20.514 34.5388 -30.6788
36.2852 0.0835 16.3191
20.3781 0.0091 25.3165
14.9751 1.7774 20.3665
16.7057 0.0108 26.4
-0.4512 0.8135 29.8428
14.9751 1.7774 20.3665
-15.6864 114.804 -20.8462
-5.5735 120.36 -10.3149
-24.889 114.272 -17.5245
-29.8595 84.6151 -22.0209
-15.6864 114.804 -20.8462
-24.889 114.272 -17.5245
15.6857 114.804 20.8489
5.5728 120.36 10.3176
24.8884 114.272 17.5273
29.8588 84.6151 22.0236
15.6857 114.804 20.8489
24.8884 114.272 17.5273
36.2852 0.0835 16.3191
47.6159 3.489 5.184
42.2597 8.9051 16.4206
20.3781 0.0091 25.3165
36.2852 0.0835 16.3191
38.3363 3.5837 16.8905
-20.3788 0.0091 -25.3137
-36.2859 0.0835 -16.3164
-38.3369 3.5837 -16.8877
-36.2859 0.0835 -16.3164
-47.6166 3.489 -5.1812
-42.2603 8.9051 -16.4178
0.7239 12.579 -29.9442
5.5516 34.4014 -34.2444
11.2847 9.9237 -29.1733
11.2847 9.9237 -29.1733
-16.4677 9.9159 -26.6102
0.7239 12.579 -29.9442
0.4505 0.8135 -29.84
-16.7064 0.0108 -26.3972
-19.4655 3.6165 -25.5806
-36.2859 0.0835 -16.3164
-20.3788 0.0091 -25.3137
-14.9757 1.7774 -20.3637
-26.453 112.028 -16.5544
-18.9632 112.031 -21.2441
-25.6335 84.4581 -25.5737
-18.9632 112.031 -21.2441
-26.453 112.028 -16.5544
-2.3566 111.3 -24.3937
-28.6809 71.4568 31.4662
-39.455 57.3031 23.0564
-25.4452 57.3383 32.4349
-25.8863 84.8325 28.9359
-28.6809 71.4568 31.4662
-25.4452 57.3383 32.4349
-31.1824 57.3383 -26.9625
-34.1729 71.4568 -25.3925
-30.9456 84.8325 -23.4438
-31.1824 57.3383 -26.9625
-43.1382 57.3031 -15.0761
-34.1729 71.4568 -25.3925
-27.4841 111.058 17.3516
-42.1467 84.3263 11.3872
-34.9289 84.4859 19.5845
-42.1467 84.3263 11.3872
-46.4929 58.5265 12.7329
-34.9289 84.4859 19.5845
-30.2883 1.6012 20.0128
-12.7235 0.1075 27.2599
-32.679 0.8187 25.5848
-30.2883 1.6012 20.0128
-35.0742 0.0039 23.0296
-40.321 1.707 3.8959
31.1817 57.3383 26.9653
34.1723 71.4568 25.3953
30.945 84.8325 23.4466
31.1817 57.3383 26.9653
43.1375 57.3031 15.0788
34.1723 71.4568 25.3953
30.2876 1.6012 -20.01
32.6784 0.8187 -25.582
40.3204 1.707 -3.8932
30.2876 1.6012 -20.01
12.7229 0.1075 -27.2571
32.6784 0.8187 -25.582
28.6803 71.4568 -31.4635
39.4543 57.3031 -23.0536
25.4446 57.3383 -32.4321
25.8856 84.8325 -28.9331
28.6803 71.4568 -31.4635
25.4446 57.3383 -32.4321
43.5625 0.0001 -13.6343
49.783 3.489 -4.8072
40.3204 1.707 -3.8932
40.3204 1.707 -3.8932
32.6784 0.8187 -25.582
43.5625 0.0001 -13.6343
-40.321 1.707 3.8959
-35.0742 0.0039 23.0296
-43.5632 0.0001 13.6371
-43.5632 0.0001 13.6371
-49.7837 3.489 4.8099
-40.321 1.707 3.8959
38.0309 84.4858 12.5367
32.9171 84.4181 20.3959
40.0572 58.6095 17.8426
38.0309 84.4858 12.5367
31.0436 112.033 13.2373
32.9171 84.4181 20.3959
-38.0315 84.4858 -12.534
-30.9982 111.024 -9.5875
-32.9178 84.4181 -20.3931
-38.0315 84.4858 -12.534
-32.9178 84.4181 -20.3931
-40.0578 58.6095 -17.8398
4.203 57.3358 -37.5906
-0.3966 29.6292 -35.8809
-7.0935 43.0771 -36.5067
-0.3966 29.6292 -35.8809
-10.7724 17.9261 -32.7929
-7.0935 43.0771 -36.5067
0.396 29.6292 35.8837
10.7718 17.9261 32.7957
7.0929 43.0771 36.5094
-4.2036 57.3358 37.5933
0.396 29.6292 35.8837
7.0929 43.0771 36.5094
-3.0797 84.4815 -31.8796
8.6794 84.4743 -32.114
1.233 114.775 -24.0912
8.6794 84.4743 -32.114
-3.0797 84.4815 -31.8796
-10.9505 58.6879 -34.2675
3.079 84.4815 31.8823
-8.6801 84.4743 32.1168
-1.2336 114.775 24.094
-8.6801 84.4743 32.1168
3.079 84.4815 31.8823
10.9499 58.6879 34.2702
-3.496 120.36 11.1936
1.2633 118.976 13.0836
-1.2336 114.775 24.094
0.9598 147.466 9.9412
2.1047 126.47 10.6636
-3.496 120.36 11.1936
-0.9604 147.466 -9.9385
-2.1053 126.47 -10.6609
3.4953 120.36 -11.1908
3.4953 120.36 -11.1908
-1.264 118.976 -13.0808
1.233 114.775 -24.0912
42.1461 84.3263 -11.3844
46.4922 58.5265 -12.7301
34.9282 84.4859 -19.5818
33.6915 112.032 -12.1571
42.1461 84.3263 -11.3844
34.9282 84.4859 -19.5818
28.4854 43.0693 30.1646
10.7718 17.9261 32.7957
26.7499 29.6576 27.4766
26.7499 29.6576 27.4766
31.1817 57.3383 26.9653
28.4854 43.0693 30.1646
-28.486 43.0693 -30.1618
-10.7724 17.9261 -32.7929
-26.7506 29.6576 -27.4739
-26.7506 29.6576 -27.4739
-31.1824 57.3383 -26.9625
-28.486 43.0693 -30.1618
4.0448 121.033 13.2275
21.7289 114.675 21.4898
9.6661 121.367 9.6362
4.3498 152.199 10.5594
4.0448 121.033 13.2275
9.6661 121.367 9.6362
-47.2417 9.5514 4.5643
-44.948 12.4138 13.8161
-34.9003 9.546 22.8959
-49.3848 34.1959 9.4575
-44.948 12.4138 13.8161
-47.2417 9.5514 4.5643
-46.5093 43.0727 17.7339
-50.9353 43.0754 9.7286
-49.7837 3.489 4.8099
-39.455 57.3031 23.0564
-50.9353 43.0754 9.7286
-46.5093 43.0727 17.7339
39.4543 57.3031 -23.0536
50.9347 43.0754 -9.7258
46.5087 43.0727 -17.7311
46.5087 43.0727 -17.7311
50.9347 43.0754 -9.7258
49.783 3.489 -4.8072
-6.3505 147.465 7.7089
-9.561 147.465 2.8824
-8.09 152.199 8.0607
-8.09 152.199 8.0607
-5.7124 152.162 8.5152
-6.3505 147.465 7.7089
22.1857 43.0693 -35.0562
25.4446 57.3383 -32.4321
23.4683 29.6294 -33.2056
23.4683 29.6294 -33.2056
16.6988 17.9297 -33.2758
22.1857 43.0693 -35.0562
-22.1864 43.0693 35.059
-25.4452 57.3383 32.4349
-23.4689 29.6294 33.2084
-23.4689 29.6294 33.2084
-16.6995 17.9297 33.2785
-22.1864 43.0693 35.059
21.062 9.8363 25.1421
32.6252 45.9304 24.6816
26.0363 34.5358 26.1666
30.1537 58.7153 25.3899
26.0363 34.5358 26.1666
32.6252 45.9304 24.6816
-30.1543 58.7153 -25.3871
-26.037 34.5358 -26.1638
-32.6258 45.9304 -24.6789
-21.0627 9.8363 -25.1393
-32.6258 45.9304 -24.6789
-26.037 34.5358 -26.1638
-3.8161 122.287 -13.0332
-6.9297 150.086 -11.6611
-0.445 149.745 -13.2831
-0.445 149.745 -13.2831
-2.2722 154.91 -14.1557
4.8398 154.847 -13.5294
10.64 172.144 -9.4181
3.0713 172.144 -13.8733
-5.6707 172.144 -13.0289
9.4698 155.87 -10.7848
3.0713 172.144 -13.8733
10.64 172.144 -9.4181
-25.8863 84.8325 28.9359
-25.0058 71.4482 33.11
-4.6705 71.4722 36.341
-25.0058 71.4482 33.11
-25.8863 84.8325 28.9359
-25.4452 57.3383 32.4349
-0.7245 12.579 29.947
-5.5523 34.4014 34.2471
-11.2853 9.9237 29.176
-11.2853 9.9237 29.176
16.4671 9.9159 26.613
-0.7245 12.579 29.947
-43.6994 84.3325 -3.2228
-48.1927 58.5364 -3.7398
-42.8874 71.7355 -12.1107
-43.6994 84.3325 -3.2228
-49.3953 58.5238 4.7724
-48.1927 58.5364 -3.7398
43.6988 84.3325 3.2255
48.1921 58.5364 3.7426
42.8868 71.7355 12.1134
43.6988 84.3325 3.2255
49.3947 58.5238 -4.7697
48.1921 58.5364 3.7426
25.8856 84.8325 -28.9331
25.0052 71.4482 -33.1072
4.6699 71.4722 -36.3382
25.0052 71.4482 -33.1072
25.8856 84.8325 -28.9331
25.4446 57.3383 -32.4321
49.783 3.489 -4.8072
52.2017 29.6289 -5.0408
47.0442 0 0.3213
47.0442 0 0.3213
40.3204 1.707 -3.8932
49.783 3.489 -4.8072
-47.0448 0 -0.3185
-40.321 1.707 3.8959
-49.7837 3.489 4.8099
-49.7837 3.489 4.8099
-52.2024 29.6289 5.0436
-47.0448 0 -0.3185
4.1886 58.6879 -35.7297
-10.9505 58.6879 -34.2675
0.0639 45.9869 -35.4286
0.0639 45.9869 -35.4286
21.1536 46.0127 -33.6565
4.1886 58.6879 -35.7297
-0.0646 45.9869 35.4314
-21.1542 46.0127 33.6592
-4.1892 58.6879 35.7325
-4.1892 58.6879 35.7325
10.9499 58.6879 34.2702
-0.0646 45.9869 35.4314
-18.7019 84.6606 -30.7046
-3.2645 84.6731 -33.7927
-18.8859 71.4653 -32.9506
-30.9456 84.8325 -23.4438
-18.7019 84.6606 -30.7046
-18.8859 71.4653 -32.9506
18.7013 84.6606 30.7074
3.2638 84.6731 33.7955
18.8853 71.4653 32.9534
30.945 84.8325 23.4466
18.7013 84.6606 30.7074
18.8853 71.4653 32.9534
23.7505 111.055 -19.6114
26.3566 111.055 15.0167
31.0436 112.033 13.2373
31.0436 112.033 13.2373
28.5882 95.8063 19.7573
32.9171 84.4181 20.3959
-28.4056 84.4182 26.3192
-20.2646 84.4581 30.0097
-14.3345 111.146 23.3721
-20.2646 84.4581 30.0097
-28.4056 84.4182 26.3192
-28.7276 58.6197 29.9473
20.264 84.4581 -30.0069
28.405 84.4182 -26.3164
28.7269 58.6197 -29.9446
28.405 84.4182 -26.3164
20.264 84.4581 -30.0069
14.3339 111.146 -23.3694
-20.5849 34.5134 30.8976
-24.8218 58.7277 30.9098
-21.1542 46.0127 33.6592
-21.1542 46.0127 33.6592
-4.2945 24.4971 32.8523
-20.5849 34.5134 30.8976
-18.8859 71.4653 -32.9506
-30.8803 71.4482 -27.7093
-30.9456 84.8325 -23.4438
-31.1824 57.3383 -26.9625
-30.9456 84.8325 -23.4438
-30.8803 71.4482 -27.7093
21.1536 46.0127 -33.6565
4.2939 24.4971 -32.8495
20.5843 34.5134 -30.8949
20.5843 34.5134 -30.8949
24.8212 58.7277 -30.907
21.1536 46.0127 -33.6565
18.8853 71.4653 32.9534
30.8797 71.4482 27.712
30.945 84.8325 23.4466
31.1817 57.3383 26.9653
30.945 84.8325 23.4466
30.8797 71.4482 27.712
14.6656 84.4743 29.8618
18.2771 71.8302 31.144
3.079 84.4815 31.8823
18.2771 71.8302 31.144
14.6656 84.4743 29.8618
29.8588 84.6151 22.0236
-18.2778 71.8302 -31.1412
-14.6663 84.4743 -29.8591
-29.8595 84.6151 -22.0209
-14.6663 84.4743 -29.8591
-18.2778 71.8302 -31.1412
-3.0797 84.4815 -31.8796
-1.9814 152.162 -10.0578
2.0189 152.162 -10.0503
7.6434 121.367 -11.3054
2.0189 152.162 -10.0503
-1.9814 152.162 -10.0578
-0.9604 147.466 -9.9385
-12.7235 0.1075 27.2599
-0.4512 0.8135 29.8428
-14.2095 3.6165 28.836
-14.2095 3.6165 28.836
-32.679 0.8187 25.5848
-12.7235 0.1075 27.2599
26.1467 34.5103 26.3653
17.7075 9.7084 24.5506
16.5875 9.5997 26.3696
-12.9135 9.3378 25.4262
16.5875 9.5997 26.3696
14.8463 9.4928 20.1169
24.8212 58.7277 -30.907
25.0908 84.6152 -27.3291
23.697 71.8456 -31.7656
4.1886 58.6879 -35.7297
24.8212 58.7277 -30.907
23.697 71.8456 -31.7656
13.1636 9.6846 -27.5656
21.0922 24.3543 -30.8933
26.1686 45.8643 -31.8065
32.3283 10.2759 -25.1843
26.1686 45.8643 -31.8065
21.0922 24.3543 -30.8933
14.2088 3.6165 -28.8332
32.6784 0.8187 -25.582
12.7229 0.1075 -27.2571
12.7229 0.1075 -27.2571
0.4505 0.8135 -29.84
14.2088 3.6165 -28.8332
-4.1892 58.6879 35.7325
-24.8218 58.7277 30.9098
-23.6976 71.8456 31.7684
-24.8218 58.7277 30.9098
-25.0915 84.6152 27.3319
-23.6976 71.8456 31.7684
-13.1642 9.6846 27.5684
-21.0928 24.3543 30.8961
-26.1692 45.8643 31.8093
-32.3289 10.2759 25.1871
-26.1692 45.8643 31.8093
-21.0928 24.3543 30.8961
27.9359 112.033 -18.9318
33.6915 112.032 -12.1571
34.9282 84.4859 -19.5818
33.6915 112.032 -12.1571
27.9359 112.033 -18.9318
37.2469 112.034 -3.5964
22.5159 114.13 -20.8931
11.6826 113.731 -24.549
25.0908 84.6152 -27.3291
22.5159 114.13 -20.8931
1.233 114.775 -24.0912
11.6826 113.731 -24.549
-22.5166 114.13 20.8959
-1.2336 114.775 24.094
-11.6832 113.731 24.5517
-22.5166 114.13 20.8959
-11.6832 113.731 24.5517
-25.0915 84.6152 27.3319
10.0513 152.162 2.0206
10.0589 152.162 -1.9797
9.9397 147.465 -0.9587
6.3498 147.465 -7.7062
9.9397 147.465 -0.9587
10.0589 152.162 -1.9797
12.7904 154.847 -6.5488
12.4965 149.745 -4.5267
7.4483 149.745 -11.0073
12.4965 149.745 -4.5267
12.7904 154.847 -6.5488
14.347 155.87 0.4229
-9.6668 121.367 -9.6334
-31.6471 116.701 -10.0452
-13.1964 122.156 -2.677
-8.5141 152.162 -5.7107
-9.6668 121.367 -9.6334
-13.1964 122.156 -2.677
27.2046 46.0131 28.9888
30.2876 58.7267 25.5808
26.1467 34.5103 26.3653
26.1467 34.5103 26.3653
12.0525 34.3733 32.7333
27.2046 46.0131 28.9888
-12.6712 173.337 -0.3709
-3.3361 174.158 -0.9604
2.923 173.917 -8.1708
-11.7373 172.144 8.0129
-3.3361 174.158 -0.9604
-12.6712 173.337 -0.3709
-27.2052 46.0131 -28.986
-30.2882 58.7267 -25.578
-26.1473 34.5103 -26.3625
-26.1473 34.5103 -26.3625
-12.0531 34.3733 -32.7305
-27.2052 46.0131 -28.986
44.9474 12.4138 -13.8133
34.8996 9.546 -22.8932
47.241 9.5514 -4.5616
49.3841 34.1959 -9.4547
44.9474 12.4138 -13.8133
47.241 9.5514 -4.5616
-13.6892 155.333 -2.1381
-13.2864 149.745 -0.389
-11.8311 149.745 6.0599
-13.2864 149.745 -0.389
-13.6892 155.333 -2.1381
-10.1825 154.847 -10.1392
29.8588 84.6151 22.0236
29.3389 71.8457 26.6457
18.2771 71.8302 31.144
29.3389 71.8457 26.6457
29.8588 84.6151 22.0236
30.2876 58.7267 25.5808
-29.3396 71.8457 -26.6429
-29.8595 84.6151 -22.0209
-30.2882 58.7267 -25.578
-29.8595 84.6151 -22.0209
-29.3396 71.8457 -26.6429
-18.2778 71.8302 -31.1412
-35.6583 45.9243 25.8185
-38.1595 58.6055 21.6782
-37.4902 34.4212 22.9416
-35.9016 58.6097 25.1808
-34.9289 84.4859 19.5845
-38.1595 58.6055 21.6782
40.5085 12.4247 15.65
35.8805 9.5827 18.2485
41.3773 34.4134 15.4661
40.5085 12.4247 15.65
45.1324 9.5588 4.9999
35.8805 9.5827 18.2485
41.8016 58.6289 14.0932
42.8868 71.7355 12.1134
48.1921 58.5364 3.7426
42.8868 71.7355 12.1134
41.8016 58.6289 14.0932
37.9647 84.4329 15.5579
-40.5092 12.4247 -15.6473
-46.7611 12.4137 -4.9554
-36.5488 10.2773 -18.5334
-40.5092 12.4247 -15.6473
-36.5488 10.2773 -18.5334
-41.3779 34.4134 -15.4633
-7.5194 9.5872 -28.1409
-17.7081 9.7084 -24.5478
13.1636 9.6846 -27.5656
-7.5194 9.5872 -28.1409
4.2939 24.4971 -32.8495
-17.7879 12.5313 -27.3236
12.2091 149.745 5.2552
10.1818 154.847 10.1419
4.0324 155.87 13.7767
12.2091 149.745 5.2552
13.8076 154.847 3.9823
10.1818 154.847 10.1419
-36.3433 84.807 21.0014
-37.9282 71.4581 24.695
-28.6809 71.4568 31.4662
-37.9282 71.4581 24.695
-36.3433 84.807 21.0014
-39.455 57.3031 23.0564
-42.8874 71.7355 -12.1107
-41.8023 58.6289 -14.0905
-37.9653 84.4329 -15.5551
-41.8023 58.6289 -14.0905
-42.8874 71.7355 -12.1107
-48.1927 58.5364 -3.7398
47.1053 34.1746 -13.4849
49.2755 58.5067 -4.7582
50.4743 34.1843 -4.8744
47.1053 34.1746 -13.4849
50.4743 34.1843 -4.8744
48.6961 12.4311 -4.7094
34.1723 71.4568 25.3953
41.9526 71.4581 16.9794
39.69 84.807 13.6574
43.1375 57.3031 15.0788
39.69 84.807 13.6574
41.9526 71.4581 16.9794
-34.1729 71.4568 -25.3925
-41.9532 71.4581 -16.9766
-39.6907 84.807 -13.6546
-43.1382 57.3031 -15.0761
-39.6907 84.807 -13.6546
-41.9532 71.4581 -16.9766
10.9153 9.6792 -23.3349
-14.8558 9.5917 -23.1199
11.2847 9.9237 -29.1733
30.1417 9.5722 -20.4369
10.9153 9.6792 -23.3349
11.2847 9.9237 -29.1733
8.4014 71.8123 -34.1503
4.8896 84.4411 -32.039
20.264 84.4581 -30.0069
8.4014 71.8123 -34.1503
-6.7534 95.6117 -28.7171
4.8896 84.4411 -32.039
-8.402 71.8123 34.1531
6.7528 95.6117 28.7199
-4.8903 84.4411 32.0417
-8.402 71.8123 34.1531
-4.8903 84.4411 32.0417
-20.2646 84.4581 30.0097
36.3426 84.807 -20.9987
37.9275 71.4581 -24.6923
28.6803 71.4568 -31.4635
37.9275 71.4581 -24.6923
36.3426 84.807 -20.9987
39.4543 57.3031 -23.0536
9.5505 147.465 2.9189
7.7076 147.465 6.3511
8.5135 152.162 5.7135
9.5505 147.465 2.9189
7.688 126.463 7.6996
7.7076 147.465 6.3511
-9.5511 147.465 -2.9161
-7.6886 126.463 -7.6968
-7.7083 147.465 -6.3483
-9.5511 147.465 -2.9161
-7.7083 147.465 -6.3483
-8.5141 152.162 -5.7107
48.8106 34.1557 4.2294
45.804 10.2859 4.9406
48.6961 12.4311 -4.7094
37.0907 9.7952 15.8485
48.6961 12.4311 -4.7094
45.804 10.2859 4.9406
-37.0913 9.7952 -15.8457
-48.6967 12.4311 4.7121
-45.8047 10.2859 -4.9379
-48.8112 34.1557 -4.2266
-45.8047 10.2859 -4.9379
-48.6967 12.4311 4.7121
-17.9889 84.4402 -28.7327
-30.1543 58.7153 -25.3871
-25.6335 84.4581 -25.5737
-17.9889 84.4402 -28.7327
-25.6335 84.4581 -25.5737
-18.9632 112.031 -21.2441
17.9883 84.4402 28.7355
30.1537 58.7153 25.3899
25.6329 84.4581 25.5765
17.9883 84.4402 28.7355
25.6329 84.4581 25.5765
18.9625 112.031 21.2469
-3.3361 174.158 -0.9604
-11.7373 172.144 8.0129
-6.4259 172.144 12.6763
-8.0439 155.87 11.8893
-6.4259 172.144 12.6763
-11.7373 172.144 8.0129
-48.0701 58.5264 -3.5961
-48.8112 34.1557 -4.2266
-50.475 34.1844 4.8772
-48.6967 12.4311 4.7121
-50.475 34.1844 4.8772
-48.8112 34.1557 -4.2266
6.9109 174.042 -0.6662
8.9815 173.337 8.9465
13.6541 172.144 3.9381
13.8076 154.847 3.9823
13.6541 172.144 3.9381
8.9815 173.337 8.9465
-0.4512 0.8135 29.8428
16.7057 0.0108 26.4
19.4649 3.6165 25.5834
38.3363 3.5837 16.8905
19.4649 3.6165 25.5834
20.3781 0.0091 25.3165
-43.5632 0.0001 13.6371
-35.0742 0.0039 23.0296
-34.3957 3.5837 23.9157
-34.3957 3.5837 23.9157
-32.679 0.8187 25.5848
-23.4689 29.6294 33.2084
-11.2853 9.9237 29.176
14.8551 9.5917 23.1227
16.4671 9.9159 26.613
14.8551 9.5917 23.1227
26.0363 34.5358 26.1666
16.4671 9.9159 26.613
11.2847 9.9237 -29.1733
-14.8558 9.5917 -23.1199
-16.4677 9.9159 -26.6102
-14.8558 9.5917 -23.1199
-26.037 34.5358 -26.1638
-16.4677 9.9159 -26.6102
27.9359 112.033 -18.9318
36.4251 112.032 2.72
37.2469 112.034 -3.5964
37.2469 112.034 -3.5964
36.4251 112.032 2.72
48.0694 58.5264 3.5989
34.3951 3.5837 -23.9129
32.6784 0.8187 -25.582
23.4683 29.6294 -33.2056
43.5625 0.0001 -13.6343
32.6784 0.8187 -25.582
34.3951 3.5837 -23.9129
-46.3097 84.6581 0.3587
-44.3288 84.639 -7.0561
-51.8554 43.0754 0.2026
-44.3288 84.639 -7.0561
-46.3097 84.6581 0.3587
-38.291 114.649 0.3022
46.309 84.6581 -0.3559
44.3282 84.639 7.0589
51.8548 43.0754 -0.1999
44.3282 84.639 7.0589
46.309 84.6581 -0.3559
38.2904 114.649 -0.2995
-16.7064 0.0108 -26.3972
0.4505 0.8135 -29.84
-14.9757 1.7774 -20.3637
-14.9757 1.7774 -20.3637
-20.3788 0.0091 -25.3137
-16.7064 0.0108 -26.3972
-24.889 114.272 -17.5245
-32.802 114.22 -9.2817
-30.387 114.265 -12.9745
-37.9653 84.4329 -15.5551
-30.387 114.265 -12.9745
-32.802 114.22 -9.2817
37.9647 84.4329 15.5579
30.3863 114.265 12.9773
32.8013 114.22 9.2845
24.8884 114.272 17.5273
32.8013 114.22 9.2845
30.3863 114.265 12.9773
41.1955 34.4171 15.3207
40.0572 58.6095 17.8426
39.9412 45.924 18.5137
39.9412 45.924 18.5137
37.0907 9.7952 15.8485
41.1955 34.4171 15.3207
-39.9418 45.924 -18.5109
-37.0913 9.7952 -15.8457
-41.1962 34.4171 -15.318
-41.1962 34.4171 -15.318
-40.0578 58.6095 -17.8398
-39.9418 45.924 -18.5109
4.1871 58.6804 -35.5329
21.41 58.7259 -33.1026
19.6301 46.0523 -33.3597
20.514 34.5388 -30.6788
19.6301 46.0523 -33.3597
21.41 58.7259 -33.1026
-4.1877 58.6804 35.5357
-21.4106 58.7259 33.1054
-19.6308 46.0523 33.3625
-20.5147 34.5388 30.6816
-19.6308 46.0523 33.3625
-21.4106 58.7259 33.1054
21.7289 114.675 21.4898
25.1699 116.046 18.4436
9.6661 121.367 9.6362
25.1699 116.046 18.4436
21.7289 114.675 21.4898
30.945 84.8325 23.4466
-25.1705 116.046 -18.4408
-21.7296 114.675 -21.4871
-30.9456 84.8325 -23.4438
-21.7296 114.675 -21.4871
-25.1705 116.046 -18.4408
-9.6668 121.367 -9.6334
2.9172 147.466 -9.5492
6.3498 147.465 -7.7062
8.0893 152.199 -8.058
3.4953 120.36 -11.1908
6.3498 147.465 -7.7062
2.9172 147.466 -9.5492
-11.2094 121.353 -2.2822
-11.8189 119.014 -6.3393
-9.5511 147.465 -2.9161
-9.0006 119.407 8.9101
-11.8189 119.014 -6.3393
-11.2094 121.353 -2.2822
50.4743 34.1843 -4.8744
49.2755 58.5067 -4.7582
48.0694 58.5264 3.5989
48.0694 58.5264 3.5989
49.2755 58.5067 -4.7582
37.2469 112.034 -3.5964
-48.0701 58.5264 -3.5961
-49.2762 58.5068 4.7609
-37.2476 112.034 3.5992
-50.475 34.1844 4.8772
-49.2762 58.5068 4.7609
-48.0701 58.5264 -3.5961
36.6937 34.2872 -25.7491
32.3283 10.2759 -25.1843
34.8996 9.546 -22.8932
32.3283 10.2759 -25.1843
13.1636 9.6846 -27.5656
30.1252 9.3733 -20.4564
11.2087 121.353 2.285
11.8182 119.014 6.3421
9.5505 147.465 2.9189
9 119.407 -8.9073
11.8182 119.014 6.3421
11.2087 121.353 2.285
10.64 172.144 -9.4181
2.923 173.917 -8.1708
12.365 173.337 -2.7892
2.923 173.917 -8.1708
10.64 172.144 -9.4181
-5.6707 172.144 -13.0289
5.5728 120.36 10.3176
1.2633 118.976 13.0836
7.688 126.463 7.6996
7.688 126.463 7.6996
11.8182 119.014 6.3421
5.5728 120.36 10.3176
-7.6886 126.463 -7.6968
-11.8189 119.014 -6.3393
-5.5735 120.36 -10.3149
-5.5735 120.36 -10.3149
-1.264 118.976 -13.0808
-7.6886 126.463 -7.6968
-4.033 155.87 -13.774
4.8398 154.847 -13.5294
-10.1825 154.847 -10.1392
-5.6707 172.144 -13.0289
-4.033 155.87 -13.774
-10.1825 154.847 -10.1392
36.2852 0.0835 16.3191
31.2743 1.597 16.0057
47.0442 0 0.3213
36.2852 0.0835 16.3191
14.9751 1.7774 20.3665
31.2743 1.597 16.0057
-36.2859 0.0835 -16.3164
-14.9757 1.7774 -20.3637
-31.275 1.597 -16.0029
-36.2859 0.0835 -16.3164
-31.275 1.597 -16.0029
-47.0448 0 -0.3185
-37.6407 114.649 7.0347
-38.291 114.649 0.3022
-46.3097 84.6581 0.3587
-38.291 114.649 0.3022
-37.6407 114.649 7.0347
-32.0761 114.645 16.9453
38.2904 114.649 -0.2995
37.6401 114.649 -7.0319
32.0754 114.645 -16.9425
37.6401 114.649 -7.0319
38.2904 114.649 -0.2995
46.309 84.6581 -0.3559
-41.2754 58.5973 21.0746
-35.0854 84.5424 19.7336
-37.542 58.6152 24.8056
-37.542 58.6152 24.8056
-36.6943 34.2872 25.7518
-41.2754 58.5973 21.0746
-36.6943 34.2872 25.7518
-32.3289 10.2759 25.1871
-34.9003 9.546 22.8959
-32.3289 10.2759 25.1871
-12.9135 9.3378 25.4262
-34.9003 9.546 22.8959
-39.1156 43.0722 26.1918
-39.455 57.3031 23.0564
-38.4938 29.6184 24.1143
-25.4452 57.3383 32.4349
-39.1156 43.0722 26.1918
-38.4938 29.6184 24.1143
39.115 43.0722 -26.189
39.4543 57.3031 -23.0536
38.4931 29.6184 -24.1116
25.4446 57.3383 -32.4321
39.115 43.0722 -26.189
38.4931 29.6184 -24.1116
0.454 122.287 13.5753
2.1058 149.745 13.1253
-2.8733 149.745 12.979
-8.0439 155.87 11.8893
-2.8733 149.745 12.979
2.1058 149.745 13.1253
-9.2153 17.9261 34.1053
-16.6995 17.9297 33.2785
-14.2095 3.6165 28.836
-16.6995 17.9297 33.2785
-9.2153 17.9261 34.1053
-22.1864 43.0693 35.059
9.2147 17.9261 -34.1026
16.6988 17.9297 -33.2758
14.2088 3.6165 -28.8332
16.6988 17.9297 -33.2758
9.2147 17.9261 -34.1026
22.1857 43.0693 -35.0562
-10.1825 154.847 -10.1392
-8.9821 173.337 -8.9438
-5.6707 172.144 -13.0289
2.923 173.917 -8.1708
-5.6707 172.144 -13.0289
-8.9821 173.337 -8.9438
37.6401 114.649 -7.0319
45.5213 84.6581 -8.5112
42.1579 84.639 -15.4098
50.9347 43.0754 -9.7258
42.1579 84.639 -15.4098
45.5213 84.6581 -8.5112
-50.9353 43.0754 9.7286
-42.1586 84.639 15.4126
-45.5219 84.6581 8.514
-37.6407 114.649 7.0347
-45.5219 84.6581 8.514
-42.1586 84.639 15.4126
37.5414 58.6152 -24.8028
36.6937 34.2872 -25.7491
41.2747 58.5973 -21.0718
41.2747 58.5973 -21.0718
35.0848 84.5424 -19.7309
37.5414 58.6152 -24.8028
-9.0565 126.461 6.0373
-3.496 120.36 11.1936
-9.0006 119.407 8.9101
-11.2094 121.353 -2.2822
-9.0565 126.461 6.0373
-9.0006 119.407 8.9101
11.2087 121.353 2.285
9.0559 126.461 -6.0346
9 119.407 -8.9073
9.0559 126.461 -6.0346
3.4953 120.36 -11.1908
9 119.407 -8.9073
39.6889 24.4081 18.5487
30.2876 58.7267 25.5808
41.7132 45.9064 17.7951
41.3773 34.4134 15.4661
41.7132 45.9064 17.7951
41.8016 58.6289 14.0932
-51.1682 57.3332 4.9437
-46.3097 84.6581 0.3587
-51.8554 43.0754 0.2026
-52.2024 29.6289 5.0436
-51.1682 57.3332 4.9437
-51.8554 43.0754 0.2026
52.2017 29.6289 -5.0408
51.1675 57.3332 -4.9409
51.8548 43.0754 -0.1999
51.1675 57.3332 -4.9409
46.309 84.6581 -0.3559
51.8548 43.0754 -0.1999
-39.6896 24.4081 -18.5459
-30.2882 58.7267 -25.578
-41.7138 45.9064 -17.7924
-41.3779 34.4134 -15.4633
-41.7138 45.9064 -17.7924
-41.8023 58.6289 -14.0905
34.8996 9.546 -22.8932
40.5903 34.2387 -22.4462
36.6937 34.2872 -25.7491
41.2747 58.5973 -21.0718
36.6937 34.2872 -25.7491
40.5903 34.2387 -22.4462
-9.561 147.465 2.8824
-9.0565 126.461 6.0373
-10.0618 142.781 0.9732
-9.5511 147.465 -2.9161
-9.561 147.465 2.8824
-10.0618 142.781 0.9732
47.6159 3.489 5.184
49.0428 43.0727 8.5045
45.6344 43.0676 15.1475
43.1375 57.3031 15.0788
45.6344 43.0676 15.1475
49.0428 43.0727 8.5045
-47.6166 3.489 -5.1812
-49.0434 43.0727 -8.5018
-45.6351 43.0676 -15.1447
-43.1382 57.3031 -15.0761
-45.6351 43.0676 -15.1447
-49.0434 43.0727 -8.5018
-41.2754 58.5973 21.0746
-36.6943 34.2872 25.7518
-40.591 34.2387 22.4489
-34.9003 9.546 22.8959
-40.591 34.2387 22.4489
-36.6943 34.2872 25.7518
-35.0854 84.5424 19.7336
-33.5157 113.52 11.9897
-29.1012 114.009 16.4975
-35.3444 114.4 3.426
-29.1012 114.009 16.4975
-33.5157 113.52 11.9897
46.5851 58.5365 -12.8944
49.3947 58.5238 -4.7697
42.2738 84.3325 -11.5269
49.3841 34.1959 -9.4547
49.3947 58.5238 -4.7697
46.5851 58.5365 -12.8944
-49.3848 34.1959 9.4575
-49.3953 58.5238 4.7724
-46.5858 58.5365 12.8971
-46.5858 58.5365 12.8971
-49.3953 58.5238 4.7724
-42.2745 84.3325 11.5296
-2.1053 126.47 -10.6609
-1.264 118.976 -13.0808
3.4953 120.36 -11.1908
-2.1053 126.47 -10.6609
-7.6886 126.463 -7.6968
-1.264 118.976 -13.0808
2.1047 126.47 10.6636
7.688 126.463 7.6996
1.2633 118.976 13.0836
2.1047 126.47 10.6636
1.2633 118.976 13.0836
-3.496 120.36 11.1936
35.0848 84.5424 -19.7309
33.5151 113.52 -11.9869
29.1006 114.009 -16.4947
35.3438 114.4 -3.4233
29.1006 114.009 -16.4947
33.5151 113.52 -11.9869
-30.1423 9.5722 20.4397
-10.9161 9.6792 23.3377
-11.2853 9.9237 29.176
-10.9161 9.6792 23.3377
14.8551 9.5917 23.1227
-11.2853 9.9237 29.176
14.8551 9.5917 23.1227
32.4437 9.6752 14.4458
21.062 9.8363 25.1421
26.0363 34.5358 26.1666
14.8551 9.5917 23.1227
21.062 9.8363 25.1421
-26.037 34.5358 -26.1638
-14.8558 9.5917 -23.1199
-21.0627 9.8363 -25.1393
-14.8558 9.5917 -23.1199
-32.4443 9.6752 -14.443
-21.0627 9.8363 -25.1393
-2.9179 147.466 9.552
-6.3505 147.465 7.7089
-5.7124 152.162 8.5152
-3.496 120.36 11.1936
-6.3505 147.465 7.7089
-2.9179 147.466 9.552
-28.4056 84.4182 26.3192
-23.7511 111.055 19.6141
-27.4841 111.058 17.3516
-30.9982 111.024 -9.5875
-27.4841 111.058 17.3516
-23.7511 111.055 19.6141
28.5904 116.586 -16.9859
26.1674 114.67 -21.9252
22.0429 116.901 -20.9556
22.0429 116.901 -20.9556
26.1674 114.67 -21.9252
25.8856 84.8325 -28.9331
27.9359 112.033 -18.9318
23.7505 111.055 -19.6114
36.4251 112.032 2.72
28.405 84.4182 -26.3164
23.7505 111.055 -19.6114
27.9359 112.033 -18.9318
31.6465 116.701 10.048
29.2177 115.916 15.54
32.4254 114.687 13.9415
32.4254 114.687 13.9415
29.2177 115.916 15.54
30.945 84.8325 23.4466
-31.6471 116.701 -10.0452
-29.2184 115.916 -15.5372
-32.426 114.687 -13.9387
-32.426 114.687 -13.9387
-29.2184 115.916 -15.5372
-30.9456 84.8325 -23.4438
14.8463 9.4928 20.1169
16.5875 9.5997 26.3696
17.7075 9.7084 24.5506
14.8463 9.4928 20.1169
17.7075 9.7084 24.5506
32.435 9.4772 14.4729
-21.7296 114.675 -21.4871
-2.5571 114.72 -26.4688
-10.1104 114.716 -25.2647
-10.1104 114.716 -25.2647
-2.5571 114.72 -26.4688
-3.2645 84.6731 -33.7927
-32.4357 9.4772 -14.4701
-36.5488 10.2773 -18.5334
-47.2417 9.5514 4.5643
-36.5488 10.2773 -18.5334
-32.4357 9.4772 -14.4701
-17.7081 9.7084 -24.5478
9.4698 155.87 -10.7848
7.4483 149.745 -11.0073
-0.445 149.745 -13.2831
7.4483 149.745 -11.0073
12.4965 149.745 -4.5267
-0.445 149.745 -13.2831
21.7289 114.675 21.4898
2.5564 114.72 26.4715
10.1098 114.716 25.2674
10.1098 114.716 25.2674
2.5564 114.72 26.4715
3.2638 84.6731 33.7955
-0.445 149.745 -13.2831
4.5742 122.287 -12.7867
-3.8161 122.287 -13.0332
-0.9604 147.466 -9.9385
-4.6919 147.466 -8.8142
-2.1053 126.47 -10.6609
-4.6919 147.466 -8.8142
-0.9604 147.466 -9.9385
-1.9814 152.162 -10.0578
4.6912 147.466 8.817
0.9598 147.466 9.9412
4.3498 152.199 10.5594
0.9598 147.466 9.9412
4.6912 147.466 8.817
2.1047 126.47 10.6636
-2.8733 149.745 12.979
-12.7695 122.287 4.628
-7.6113 122.287 11.25
-52.2024 29.6289 5.0436
-49.7837 3.489 4.8099
-50.9353 43.0754 9.7286
-50.9353 43.0754 9.7286
-51.1682 57.3332 4.9437
-52.2024 29.6289 5.0436
50.9347 43.0754 -9.7258
51.1675 57.3332 -4.9409
52.2017 29.6289 -5.0408
52.2017 29.6289 -5.0408
49.783 3.489 -4.8072
50.9347 43.0754 -9.7258
12.365 173.337 -2.7892
2.923 173.917 -8.1708
6.9109 174.042 -0.6662
6.9109 174.042 -0.6662
13.6541 172.144 3.9381
12.365 173.337 -2.7892
11.2847 9.9237 -29.1733
31.8859 9.9093 -24.9114
30.1417 9.5722 -20.4369
43.1709 9.7401 -13.5743
30.1417 9.5722 -20.4369
31.8859 9.9093 -24.9114
-11.8311 149.745 6.0599
-8.0439 155.87 11.8893
-12.3324 155.333 6.3167
-11.8311 149.745 6.0599
-12.3324 155.333 6.3167
-13.6892 155.333 -2.1381
-17.7081 9.7084 -24.5478
-20.3201 9.5194 -25.2091
-36.5488 10.2773 -18.5334
-20.3201 9.5194 -25.2091
-17.7081 9.7084 -24.5478
-26.1473 34.5103 -26.3625
-37.2476 112.034 3.5992
-36.4257 112.032 -2.7172
-48.0701 58.5264 -3.5961
-36.4257 112.032 -2.7172
-37.2476 112.034 3.5992
-30.9982 111.024 -9.5875
-49.0434 43.0727 -8.5018
-47.6166 3.489 -5.1812
-47.0448 0 -0.3185
-36.2859 0.0835 -16.3164
-47.0448 0 -0.3185
-47.6166 3.489 -5.1812
36.2852 0.0835 16.3191
47.0442 0 0.3213
47.6159 3.489 5.184
49.0428 43.0727 8.5045
47.6159 3.489 5.184
47.0442 0 0.3213
42.4941 29.6295 18.7056
43.4046 43.0722 18.2212
31.1817 57.3383 26.9653
42.4941 29.6295 18.7056
43.1375 57.3031 15.0788
43.4046 43.0722 18.2212
-42.4947 29.6295 -18.7028
-43.1382 57.3031 -15.0761
-43.4052 43.0722 -18.2184
-42.4947 29.6295 -18.7028
-43.4052 43.0722 -18.2184
-31.1824 57.3383 -26.9625
-30.2883 1.6012 20.0128
-9.5518 1.718 24.7244
-12.7235 0.1075 27.2599
-9.5518 1.718 24.7244
-0.4512 0.8135 29.8428
-12.7235 0.1075 27.2599
32.435 9.4772 14.4729
35.8805 9.5827 18.2485
47.241 9.5514 -4.5616
35.8805 9.5827 18.2485
32.435 9.4772 14.4729
17.7075 9.7084 24.5506
-15.6864 114.804 -20.8462
-6.1243 113.757 -24.2896
1.233 114.775 -24.0912
-3.0797 84.4815 -31.8796
1.233 114.775 -24.0912
-6.1243 113.757 -24.2896
3.079 84.4815 31.8823
-1.2336 114.775 24.094
6.1237 113.757 24.2923
15.6857 114.804 20.8489
6.1237 113.757 24.2923
-1.2336 114.775 24.094
-28.591 116.586 16.9887
-32.0761 114.645 16.9453
-36.3433 84.807 21.0014
-32.0761 114.645 16.9453
-28.591 116.586 16.9887
-38.291 114.649 0.3022
-43.1715 9.7401 13.5771
-30.1423 9.5722 20.4397
-31.8865 9.9093 24.9141
-11.2853 9.9237 29.176
-31.8865 9.9093 24.9141
-30.1423 9.5722 20.4397
-2.0195 152.162 10.053
-5.7124 152.162 8.5152
-7.644 121.367 11.3082
-5.7124 152.162 8.5152
-2.0195 152.162 10.053
-2.9179 147.466 9.552
8.0893 152.199 -8.058
8.535 152.162 -5.6784
12.4392 122.156 -5.1531
8.535 152.162 -5.6784
8.0893 152.199 -8.058
6.3498 147.465 -7.7062
-10.052 152.162 -2.0178
-10.0595 152.162 1.9825
-9.561 147.465 2.8824
-10.0595 152.162 1.9825
-10.052 152.162 -2.0178
-14.374 120.576 2.8823
30.2876 1.6012 -20.01
9.5511 1.718 -24.7216
12.7229 0.1075 -27.2571
9.5511 1.718 -24.7216
0.4505 0.8135 -29.84
12.7229 0.1075 -27.2571
-12.9135 9.3378 25.4262
-32.3289 10.2759 25.1871
-13.1642 9.6846 27.5684
-12.9135 9.3378 25.4262
-13.1642 9.6846 27.5684
7.5188 9.5872 28.1437
28.5904 116.586 -16.9859
32.0754 114.645 -16.9425
36.3426 84.807 -20.9987
32.0754 114.645 -16.9425
28.5904 116.586 -16.9859
38.2904 114.649 -0.2995
-26.7506 29.6576 -27.4739
-19.4655 3.6165 -25.5806
-20.3788 0.0091 -25.3137
-20.3788 0.0091 -25.3137
-19.4655 3.6165 -25.5806
-16.7064 0.0108 -26.3972
-4.0454 121.033 -13.2248
-5.6801 152.162 -8.534
-1.9814 152.162 -10.0578
-1.9814 152.162 -10.0578
-5.6801 152.162 -8.534
-4.6919 147.466 -8.8142
42.4941 29.6295 18.7056
38.3363 3.5837 16.8905
42.2597 8.9051 16.4206
38.3363 3.5837 16.8905
36.2852 0.0835 16.3191
42.2597 8.9051 16.4206
-38.3369 3.5837 -16.8877
-36.2859 0.0835 -16.3164
-42.2603 8.9051 -16.4178
-42.4947 29.6295 -18.7028
-38.3369 3.5837 -16.8877
-42.2603 8.9051 -16.4178
32.4437 9.6752 14.4458
43.1709 9.7401 -13.5743
37.0907 9.7952 15.8485
37.0907 9.7952 15.8485
21.062 9.8363 25.1421
32.4437 9.6752 14.4458
-30.9982 111.024 -9.5875
-26.453 112.028 -16.5544
-28.5889 95.8063 -19.7545
-26.453 112.028 -16.5544
-25.6335 84.4581 -25.5737
-28.5889 95.8063 -19.7545
9.6661 121.367 9.6362
10.0513 152.162 2.0206
8.5135 152.162 5.7135
8.5135 152.162 5.7135
10.0513 152.162 2.0206
9.5505 147.465 2.9189
31.0436 112.033 13.2373
26.3566 111.055 15.0167
28.5882 95.8063 19.7573
26.3566 111.055 15.0167
25.6329 84.4581 25.5765
28.5882 95.8063 19.7573
-32.4443 9.6752 -14.443
-43.1715 9.7401 13.5771
-37.0913 9.7952 -15.8457
-37.0913 9.7952 -15.8457
-21.0627 9.8363 -25.1393
-32.4443 9.6752 -14.443
30.1252 9.3733 -20.4564
34.8996 9.546 -22.8932
32.3283 10.2759 -25.1843
34.8996 9.546 -22.8932
30.1252 9.3733 -20.4564
47.241 9.5514 -4.5616
8.535 152.162 -5.6784
14.3734 120.576 -2.8795
12.4392 122.156 -5.1531
14.3734 120.576 -2.8795
28.5904 116.586 -16.9859
12.4392 122.156 -5.1531
12.4965 149.745 -4.5267
13.0497 122.287 3.7638
12.0883 122.287 -6.1893
-41.3779 34.4134 -15.4633
-39.6896 24.4081 -18.5459
-41.7138 45.9064 -17.7924
-39.6896 24.4081 -18.5459
-41.3779 34.4134 -15.4633
-36.5488 10.2773 -18.5334
41.3773 34.4134 15.4661
39.6889 24.4081 18.5487
41.7132 45.9064 17.7951
39.6889 24.4081 18.5487
41.3773 34.4134 15.4661
35.8805 9.5827 18.2485
10.0513 152.162 2.0206
9.6661 121.367 9.6362
12.5887 121.375 5.2787
9.6661 121.367 9.6362
31.6465 116.701 10.048
12.5887 121.375 5.2787
3.0713 172.144 -13.8733
9.4698 155.87 -10.7848
4.8398 154.847 -13.5294
-0.445 149.745 -13.2831
4.8398 154.847 -13.5294
9.4698 155.87 -10.7848
-36.1052 113.516 -2.6755
-32.802 114.22 -9.2817
-35.3444 114.4 3.426
-43.6994 84.3325 -3.2228
-36.1052 113.516 -2.6755
-35.3444 114.4 3.426
43.6988 84.3325 3.2255
36.1046 113.516 2.6782
35.3438 114.4 -3.4233
36.1046 113.516 2.6782
32.8013 114.22 9.2845
35.3438 114.4 -3.4233
-12.9135 9.3378 25.4262
7.5188 9.5872 28.1437
16.5875 9.5997 26.3696
7.5188 9.5872 28.1437
-4.2945 24.4971 32.8523
16.5875 9.5997 26.3696
-14.374 120.576 2.8823
-28.591 116.586 16.9887
-12.4398 122.156 5.1559
-10.0595 152.162 1.9825
-14.374 120.576 2.8823
-12.4398 122.156 5.1559
37.4895 34.4212 -22.9388
31.8859 9.9093 -24.9114
35.6577 45.9243 -25.8157
35.6577 45.9243 -25.8157
35.901 58.6097 -25.178
37.4895 34.4212 -22.9388
2.1058 149.745 13.1253
0.454 122.287 13.5753
6.9371 122.287 11.6774
-6.9297 150.086 -11.6611
-10.1825 154.847 -10.1392
-2.2722 154.91 -14.1557
-2.2722 154.91 -14.1557
-0.445 149.745 -13.2831
-6.9297 150.086 -11.6611
12.2328 12.529 -30.2216
-7.5194 9.5872 -28.1409
13.1636 9.6846 -27.5656
20.5843 34.5134 -30.8949
12.2328 12.529 -30.2216
13.1636 9.6846 -27.5656
-26.1473 34.5103 -26.3625
-17.7081 9.7084 -24.5478
-17.7879 12.5313 -27.3236
-17.7879 12.5313 -27.3236
-17.7081 9.7084 -24.5478
-7.5194 9.5872 -28.1409
-35.6583 45.9243 25.8185
-28.7276 58.6197 29.9473
-35.9016 58.6097 25.1808
-38.1595 58.6055 21.6782
-35.6583 45.9243 25.8185
-35.9016 58.6097 25.1808
-28.591 116.586 16.9887
-26.168 114.67 21.928
-23.307 115.277 22.2191
-23.307 115.277 22.2191
-26.168 114.67 21.928
-25.8863 84.8325 28.9359
50.6055 34.1889 -4.8866
49.3947 58.5238 -4.7697
49.3841 34.1959 -9.4547
47.241 9.5514 -4.5616
50.6055 34.1889 -4.8866
49.3841 34.1959 -9.4547
-50.6061 34.1889 4.8894
-49.3953 58.5238 4.7724
-49.3848 34.1959 9.4575
-47.2417 9.5514 4.5643
-50.6061 34.1889 4.8894
-49.3848 34.1959 9.4575
-35.0742 0.0039 23.0296
-30.2883 1.6012 20.0128
-32.679 0.8187 25.5848
-35.0742 0.0039 23.0296
-32.679 0.8187 25.5848
-34.3957 3.5837 23.9157
12.4965 149.745 -4.5267
14.347 155.87 0.4229
13.8076 154.847 3.9823
13.6541 172.144 3.9381
13.8076 154.847 3.9823
14.347 155.87 0.4229
16.7057 0.0108 26.4
14.9751 1.7774 20.3665
20.3781 0.0091 25.3165
16.7057 0.0108 26.4
20.3781 0.0091 25.3165
19.4649 3.6165 25.5834
-1.3219 155.87 14.2939
-8.0439 155.87 11.8893
4.0324 155.87 13.7767
3.9922 172.144 13.6396
-1.3219 155.87 14.2939
4.0324 155.87 13.7767
