3033
-0.0675 -0.1822 0.981
-0.5824 -0.1043 0.8062
-0.4454 -0.191 0.8747
0.0675 -0.1822 -0.981
0.5824 -0.1043 -0.8062
0.4454 -0.191 -0.8747
-0.2692 0.0335 -0.9625
0.0085 0.0344 -0.9994
-0.1571 -0.0574 -0.9859
0.3496 0.4663 0.8126
0.1964 0.5221 0.83
0.3009 0.1986 0.9327
0.202 -0.1179 0.9723
0.2681 0.0458 0.9623
0.0158 0.0394 0.9991
-0.2703 0.173 -0.9471
0.0409 0.133 -0.9903
-0.2681 0.0458 -0.9623
0.1455 0.6216 -0.7697
-0.1829 0.6231 -0.7604
0.0013 0.705 -0.7092
-0.1455 0.6216 0.7697
0.1829 0.6231 0.7604
-0.0013 0.705 0.7092
0.8115 -0.3048 -0.4986
0.3822 -0.2445 -0.8911
0.4822 -0.0266 -0.8757
-0.6029 -0.1206 0.7887
0.0343 -0.1155 0.9927
-0.0085 0.0344 0.9994
-0.1882 -0.0339 -0.9815
-0.0719 -0.2343 -0.9695
-0.7725 -0.3389 -0.537
-0.1595 -0.9678 -0.195
0.0199 -0.9801 -0.1977
0 -1 -0
-0.9099 -0.2132 0.3559
-0.9884 -0.12 0.0932
-0.8069 -0.5821 0.1004
0.9099 -0.2132 -0.3559
0.9884 -0.12 -0.0932
0.8069 -0.5821 -0.1004
-0.9294 -0.309 -0.2019
-0.9857 0.033 -0.1651
-0.9271 0.0093 -0.3746
-0.3496 0.4663 -0.8126
-0.1964 0.5221 -0.83
-0.3009 0.1986 -0.9327
0.0111 0.9998 -0.015
-0.5651 0.8229 0.0589
0.5652 0.8229 -0.0588
0.5936 -0.09 -0.7997
0.8911 -0.1045 -0.4415
0.9099 -0.2132 -0.3559
-0.5936 -0.09 0.7997
-0.8911 -0.1045 0.4415
-0.9099 -0.2132 0.3559
-0.5651 0.8229 0.0589
-0.0023 0.999 0.0448
0.0068 0.999 0.0446
0.0195 0.178 0.9838
0.0893 0.2543 0.963
-0.1429 0.2414 0.9598
-0.0195 0.178 -0.9838
-0.0893 0.2543 -0.963
0.1429 0.2414 -0.9598
-0.9753 -0.2065 0.0779
-0.9962 0.0014 0.0868
-0.8108 -0.0929 0.5779
0.9753 -0.2065 -0.0779
0.9982 -0.0239 -0.0556
0.8108 -0.0929 -0.5779
0.7146 0.0796 -0.695
0.857 0.1106 -0.5033
0.8377 -0.0213 -0.5458
0.0015 -0.9998 0.0217
-0.0002 -0.9998 -0.0205
0.0153 -0.999 0.0414
0.2692 0.0335 0.9625
-0.0085 0.0344 0.9994
0.1571 -0.0574 0.9859
0.9294 -0.309 0.2019
0.9857 0.033 0.1651
0.9271 0.0093 0.3746
-0.0347 -0.1235 0.9917
-0.4555 -0.0843 0.8863
-0.3191 -0.7029 0.6357
-0.8734 0.1168 0.4728
-0.9228 0.1895 0.3353
-0.9741 0.2221 0.0431
-0.0983 0.1906 -0.9767
-0.3009 0.1986 -0.9327
-0.1964 0.5221 -0.83
0.9742 0.207 0.0897
0.939 0.207 -0.2745
0.7766 0.5769 -0.2532
-0.9135 0.02 0.4063
-0.8911 -0.1045 0.4415
-0.5936 -0.09 0.7997
-0.1976 0.1249 -0.9723
-0.5953 0.3317 -0.7318
-0.0201 0.1723 -0.9848
0.038 0.0674 0.997
0.1976 0.1249 0.9723
0.0201 0.1723 0.9848
0.9135 0.02 -0.4063
0.8911 -0.1045 -0.4415
0.5936 -0.09 -0.7997
-0.9742 0.207 -0.0897
-0.939 0.207 0.2745
-0.7766 0.5769 0.2532
0.0983 0.1906 0.9767
0.3009 0.1986 0.9327
0.1964 0.5221 0.83
-0.4822 -0.0266 0.8757
-0.8352 0.013 0.5498
-0.8115 -0.3048 0.4986
0.1064 -0.982 -0.156
0.1333 -0.9911 -0.0049
0 -1 -0
0.802 -0.2718 -0.5319
0.2848 -0.6147 -0.7355
0.684 -0.0523 -0.7276
-0.202 -0.1179 -0.9723
-0.2681 0.0458 -0.9623
-0.0158 0.0394 -0.9991
-0.0409 0.133 0.9903
0.2703 0.173 0.9471
0.1532 0.2145 0.9646
0.857 0.1106 -0.5033
0.9231 0.1883 -0.3353
0.9741 0.2221 -0.0431
-0.8397 -0.0267 0.5424
-0.9866 0.1307 0.0975
-0.995 -0.0186 0.0979
-0.8123 -0.0558 -0.5806
-0.3681 -0.6237 -0.6895
-0.7086 -0.6294 -0.3191
0.5621 0.0057 0.8271
0.868 0.039 0.4951
0.2961 0.0403 0.9543
0.3807 0.0244 -0.9244
0.1467 0.0508 -0.9879
0.8486 0.0179 -0.5287
0.2709 -0.9552 -0.1189
0.2922 -0.9234 -0.2488
0.3644 -0.9302 -0.0433
-0.0353 -0.4739 -0.8799
0.0675 -0.1822 -0.981
0.1099 -0.5882 -0.8012
0.0353 -0.4739 0.8799
-0.0675 -0.1822 0.981
-0.1099 -0.5882 0.8012
-0.2709 -0.9552 0.1189
-0.2922 -0.9234 0.2488
-0.3644 -0.9302 0.0433
-0.1455 0.6216 0.7697
-0.1974 0.9019 0.3842
0.0126 0.9193 0.3933
-0.8067 0.582 -0.1029
-0.7348 0.4114 -0.5393
-0.9297 0.1906 -0.3151
0.8522 0.1906 -0.4872
0.6061 0.4548 -0.6526
0.7766 0.5769 -0.2532
0.1455 0.6216 -0.7697
0.1974 0.9019 -0.3842
-0.0126 0.9193 -0.3933
0.4593 0.0048 0.8882
0.6348 0.0025 0.7726
0.5647 -0.0989 0.8194
-0.4593 0.0048 -0.8882
-0.6348 0.0025 -0.7726
-0.5647 -0.0989 -0.8194
0.2732 0.7036 0.656
0.5782 0.612 0.5395
0.5027 0.7018 0.5048
-0.2732 0.7036 -0.656
-0.5882 0.6249 -0.5134
-0.5027 0.7018 -0.5048
-0.534 -0.5099 -0.6745
-0.9305 -0.1872 -0.3148
-0.6055 -0.1978 -0.7709
-0.038 0.0674 -0.997
-0.1976 0.1249 -0.9723
-0.0201 0.1723 -0.9848
-0.1111 -0.9797 -0.167
-0.0114 -0.9958 -0.0911
0 -1 -0
0.7725 -0.3389 0.537
0.8979 -0.1015 0.4283
0.1882 -0.0339 0.9815
0.5395 0.1129 -0.8344
-0.038 0.0674 -0.997
-0.0201 0.1723 -0.9848
0.5629 0.0146 -0.8264
0.3332 0.1579 -0.9295
0.8005 0.3453 -0.4898
-0.5629 0.0146 0.8264
-0.3332 0.1579 0.9295
-0.8005 0.3453 0.4898
-0.5395 0.1129 0.8344
0.038 0.0674 0.997
0.0201 0.1723 0.9848
0.534 -0.5099 0.6745
0.9305 -0.1872 0.3148
0.6055 -0.1978 0.7709
0.1934 -0.0436 0.9802
0.5526 -0.031 0.8329
0.6931 0.105 0.7132
0.8123 -0.0558 0.5806
0.3681 -0.6237 0.6895
0.7086 -0.6294 0.3191
-0.0002 -0.9998 -0.0205
0.4581 -0.8343 -0.3066
0.0148 -0.9997 0.0168
-0.2709 -0.9552 0.1189
-0.2839 -0.9478 -0.1454
-0.3924 -0.8952 -0.2113
-0.2546 -0.2003 -0.9461
-0.115 -0.6358 -0.7633
-0.28 -0.4932 -0.8236
0.1111 -0.9797 0.167
0.0114 -0.9958 0.0911
0 -1 -0
-0.7475 -0.1277 -0.6518
-0.1571 -0.0574 -0.9859
-0.1934 -0.171 -0.9661
0.2546 -0.2003 0.9461
0.115 -0.6358 0.7633
0.28 -0.4932 0.8236
0.2709 -0.9552 -0.1189
0.2839 -0.9478 0.1454
0.3924 -0.8952 0.2113
0.0085 0.0344 -0.9994
0.5834 -0.0026 -0.8122
0.6029 -0.1206 -0.7887
0.9742 0.207 0.0897
0.9871 0.1289 -0.0953
0.939 0.207 -0.2745
0.2212 0.9666 0.1296
0.1432 0.9477 -0.2852
-0.2533 0.9304 -0.2651
-0.9269 0.2182 -0.3053
-0.897 0.2263 -0.3797
-0.9069 0.1896 -0.3763
-0.1279 0.4732 0.8716
-0.4638 0.2006 0.8629
-0.1354 0.1715 0.9758
-0.5417 0.0933 0.8354
-0.8352 0.013 0.5498
-0.4822 -0.0266 0.8757
0.9069 0.1896 0.3763
0.936 0.1162 0.3322
0.9269 0.2182 0.3053
-0.139 0.9481 0.286
0.2212 0.9666 0.1296
-0.2533 0.9304 -0.2651
0.5652 0.8229 -0.0588
-0.5651 0.8229 0.0589
0.0105 0.9999 0.0054
0.8149 -0.0833 0.5735
0.9524 0.0301 0.3034
0.7611 0.0371 0.6476
-0.8863 0.0038 -0.463
-0.9019 -0.0407 0.43
-0.9949 -0.0349 -0.0946
-0.2057 -0.3705 -0.9057
-0.0854 0.6588 -0.7474
0.194 0.4669 -0.8628
-0.1571 -0.0574 -0.9859
-0.7475 -0.1277 -0.6518
-0.2692 0.0335 -0.9625
-0.6926 0.0993 -0.7145
-0.9857 0.033 -0.1651
-0.9297 0.1906 -0.3151
0.0347 -0.1235 -0.9917
0.4555 -0.0843 -0.8863
0.2835 -0.7059 -0.6491
-0.0133 -0.9998 -0.0159
-0.0002 -0.9998 -0.0205
-0.4592 -0.8339 0.3061
-0.4592 -0.8339 0.3061
-0.0002 -0.9998 -0.0205
-0.0152 -0.9995 0.029
-0.802 -0.2718 0.5319
-0.2848 -0.6147 0.7355
-0.6807 -0.0579 0.7302
0 -1 -0
0.0199 -0.9801 -0.1977
0.1064 -0.982 -0.156
-0.7993 -0.1015 0.5923
0.0027 -0.035 0.9994
-0.1636 0.0602 0.9847
0.6926 0.0993 0.7145
0.9857 0.033 0.1651
0.9297 0.1906 0.3151
0.3009 0.1986 0.9327
0.6204 0.2006 0.7582
0.3496 0.4663 0.8126
0.0076 1 -0.0016
-0.5651 0.8229 0.0589
-0.015 0.9976 -0.0669
-0.8988 0.2803 -0.3371
-0.6032 0.2048 -0.7709
-0.7611 0.0371 -0.6476
0.4108 -0.3947 -0.8219
-0.0708 -0.2902 -0.9543
0.043 -0.1563 -0.9868
-0.0027 -0.035 -0.9994
0.7993 -0.1015 -0.5923
0.5377 -0.2819 -0.7946
0.4712 0.8769 -0.0951
0.4233 0.9051 -0.0398
0.314 0.906 -0.2837
0.197 0.8169 0.5421
0.0126 0.9193 0.3933
0.0565 0.8305 0.5541
0.4659 -0.0166 0.8847
0.5268 -0.6638 0.531
0.8067 -0.0114 0.5909
0.8015 0.0807 0.5926
0.534 0.1723 0.8277
0.4659 -0.0166 0.8847
-0.197 0.8169 -0.5421
-0.0126 0.9193 -0.3933
-0.0565 0.8305 -0.5541
-0.3443 0.9191 -0.1915
-0.4233 0.9051 0.0398
-0.5029 0.8601 0.0857
0.6634 0.4629 -0.5879
0.8805 -0.0636 -0.4697
0.6792 -0.1348 -0.7215
-0.1661 -0.3758 0.9117
0.2347 0.4341 0.8698
-0.377 0.4132 0.8289
-0.1429 0.2414 0.9598
-0.3369 0.1832 0.9235
0.0195 0.178 0.9838
-0.6618 -0.0271 0.7491
-0.4225 -0.6586 0.6227
-0.3662 0.0564 0.9288
-0.8727 0.1794 -0.454
-0.7191 0.4561 -0.5243
-0.4021 -0.0734 -0.9127
-0.6055 -0.1978 -0.7709
-0.9108 -0.0783 -0.4053
-0.4021 -0.0734 -0.9127
0.3116 0.0476 0.949
0.4021 -0.0734 0.9127
0.7191 0.4561 0.5243
-0.5651 0.8229 0.0589
0.0068 0.999 0.0446
0.0105 0.9999 0.0054
0.6586 0.0906 -0.747
0.5834 -0.0026 -0.8122
0.0085 0.0344 -0.9994
0.1279 0.4732 -0.8716
0.4638 0.2006 -0.8629
0.1354 0.1715 -0.9758
0.8108 -0.0929 -0.5779
0.8875 -0.0056 -0.4607
0.7716 0.0023 -0.6361
-0.7043 0.1264 0.6986
-0.6594 0.7074 0.2545
-0.8399 0.367 0.3999
0.6618 -0.0271 -0.7491
0.4225 -0.6586 -0.6227
0.3662 0.0564 -0.9288
0.1429 0.2414 -0.9598
0.3369 0.1832 -0.9235
-0.0195 0.178 -0.9838
-0.9086 0.4147 -0.0499
-0.9084 0.3881 -0.1555
-0.9441 -0.2202 0.2452
-0.377 0.4132 0.8289
-0.5448 -0.0785 0.8349
-0.1661 -0.3758 0.9117
-0.8522 0.1906 0.4872
-0.9346 0.0245 0.3548
-0.5417 0.0933 0.8354
-0.9742 0.207 -0.0897
-0.9871 0.1289 0.0953
-0.939 0.207 0.2745
-0.0871 -0.1748 -0.9807
-0.115 -0.6358 -0.7633
-0.2546 -0.2003 -0.9461
-0.2817 -0.1327 -0.9503
-0.5526 -0.031 -0.8329
-0.1934 -0.0436 -0.9802
0.2817 -0.1327 0.9503
0.5526 -0.031 0.8329
0.1934 -0.0436 0.9802
0.0871 -0.1748 0.9807
0.115 -0.6358 0.7633
0.2546 -0.2003 0.9461
0.4822 -0.0266 -0.8757
0.8352 0.013 -0.5498
0.8115 -0.3048 -0.4986
0.8522 0.1906 -0.4872
0.9346 0.0245 -0.3548
0.5417 0.0933 -0.8354
-0.1064 -0.982 0.156
-0.1333 -0.9911 0.0049
0 -1 -0
0.5795 -0.5507 -0.6007
-0.1375 -0.2123 -0.9675
-0.0027 -0.035 -0.9994
-0.5708 0.2275 -0.7889
-0.6594 0.0478 -0.7503
-0.534 0.1723 -0.8277
-0.4659 -0.0166 -0.8847
-0.5268 -0.6638 -0.531
-0.8067 -0.0114 -0.5909
-0.9543 0.1388 -0.2649
-0.3706 0.1382 -0.9184
-0.9361 0.057 -0.3471
-0.7725 -0.3389 -0.537
-0.8979 -0.1015 -0.4283
-0.1882 -0.0339 -0.9815
0.3491 0.0602 0.9352
0.1882 -0.0339 0.9815
0.8979 -0.1015 0.4283
0.9543 0.1388 0.2649
0.3706 0.1382 0.9184
0.9361 0.057 0.3471
0.0675 -0.1822 -0.981
0.4454 -0.191 -0.8747
0.1099 -0.5882 -0.8012
0.8069 -0.5821 -0.1004
0.6878 -0.6299 -0.3609
0.9099 -0.2132 -0.3559
-0.0675 -0.1822 0.981
-0.4454 -0.191 0.8747
-0.1099 -0.5882 0.8012
-0.8069 -0.5821 0.1004
-0.6878 -0.6299 0.3609
-0.9099 -0.2132 0.3559
0.6594 0.7074 -0.2545
0.7124 0.7018 0.0019
0.9603 0.2788 -0.0086
-0.8108 -0.0929 0.5779
-0.9575 0.0143 0.2882
-0.8875 -0.0056 0.4607
-0.6586 0.0906 0.747
-0.5834 -0.0026 0.8122
-0.0085 0.0344 0.9994
-0.0085 0.0344 0.9994
-0.5834 -0.0026 0.8122
-0.6029 -0.1206 0.7887
-0.4638 0.2006 0.8629
-0.1279 0.4732 0.8716
-0.477 0.4085 0.7782
-0.0397 0.7657 0.642
0.0126 0.9193 0.3933
-0.1974 0.9019 0.3842
0.1882 -0.0339 0.9815
0.0719 -0.2343 0.9695
0.7725 -0.3389 0.537
0.5691 -0.3892 0.7244
0.6465 -0.1759 0.7424
0.1934 -0.171 0.9661
0.5913 0.4431 -0.6738
0.7489 0.086 -0.6571
0.1458 -0.0012 -0.9893
0.3819 -0.0372 -0.9235
0.8122 -0.0613 -0.5801
0.4454 -0.191 -0.8747
-0.5913 0.4431 0.6738
-0.7489 0.086 0.6571
-0.1458 -0.0012 0.9893
-0.3819 -0.0372 0.9235
-0.8122 -0.0613 0.5801
-0.4454 -0.191 0.8747
-0.5839 0.0031 -0.8118
-0.5736 -0.0904 -0.8141
-0.8576 -0.3371 -0.3884
0.1333 -0.9911 -0.0049
0.1111 -0.9797 0.167
0 -1 -0
-0.1333 -0.9911 0.0049
-0.1111 -0.9797 -0.167
0 -1 -0
0.5839 0.0031 0.8118
0.5736 -0.0904 0.8141
0.8576 -0.3371 0.3884
-0.4587 0.2034 -0.865
-0.9182 0.2057 -0.3386
-0.7544 0.52 -0.4006
-0.9182 0.2057 -0.3386
-0.4587 0.2034 -0.865
-0.3706 0.1382 -0.9184
0.0397 0.7657 -0.642
-0.0126 0.9193 -0.3933
0.1974 0.9019 -0.3842
0.4638 0.2006 -0.8629
0.1279 0.4732 -0.8716
0.477 0.4085 -0.7782
-0.5795 -0.5507 0.6007
0.1375 -0.2123 0.9675
0.0027 -0.035 0.9994
0.0708 -0.2902 0.9543
0.0343 -0.1155 0.9927
-0.043 -0.1563 0.9868
-0.3662 0.0564 0.9288
-0.4234 0.1805 0.8878
-0.7146 0.0796 0.695
-0.7012 0.083 0.7081
-0.798 0.1854 0.5735
-0.8734 0.1168 0.4728
0.1532 0.2145 0.9646
0.2703 0.173 0.9471
0.3748 0.2552 0.8913
0.1432 0.9477 -0.2852
-0.0314 0.9534 -0.3
-0.2533 0.9304 -0.2651
-0.9245 -0.0298 -0.3801
-0.936 0.1162 -0.3322
-0.8015 0.0807 -0.5926
-0.9069 0.1896 -0.3763
-0.936 0.1162 -0.3322
-0.9269 0.2182 -0.3053
0.3688 -0.3671 0.8539
0.9554 -0.2217 0.1949
0.7121 -0.1556 0.6847
0.8149 -0.0833 0.5735
0.962 -0.1016 0.2536
0.9524 0.0301 0.3034
0.5647 -0.0989 0.8194
0.253 -0.0714 0.9648
0.4593 0.0048 0.8882
0.1672 -0.8495 0.5003
0.0386 -0.855 0.5171
0.1735 -0.9306 0.3223
-0.5647 -0.0989 -0.8194
-0.253 -0.0714 -0.9648
-0.4593 0.0048 -0.8882
-0.1672 -0.8495 -0.5003
-0.0386 -0.855 -0.5171
-0.1735 -0.9306 -0.3223
-0.01 0.9999 0.0135
-0.0023 0.999 0.0448
-0.5651 0.8229 0.0589
0.1466 0.0319 0.9887
0.1442 0.6533 0.7432
-0.5913 0.4431 0.6738
0.8523 0.057 -0.5199
0.188 0.1382 -0.9724
0.8859 0.1388 -0.4426
0.7993 -0.1015 -0.5923
-0.0027 -0.035 -0.9994
0.1636 0.0602 -0.9847
-0.1466 0.0319 -0.9887
-0.1442 0.6533 -0.7432
0.5913 0.4431 -0.6738
0.0111 0.9998 -0.015
-0.015 0.9976 -0.0669
-0.5651 0.8229 0.0589
-0.3688 -0.3671 -0.8539
-0.9554 -0.2217 -0.1949
-0.7121 -0.1556 -0.6847
-0.8149 -0.0833 -0.5735
-0.962 -0.1016 -0.2536
-0.9524 0.0301 -0.3034
0.4659 -0.0166 0.8847
0.0671 -0.6421 0.7637
0.5268 -0.6638 0.531
0.0148 -0.9997 0.0168
0.0153 -0.999 0.0414
-0.0002 -0.9998 -0.0205
-0.4659 -0.0166 -0.8847
-0.0671 -0.6421 -0.7637
-0.5268 -0.6638 -0.531
-0.0139 -0.9993 -0.035
-0.0002 -0.9998 -0.0205
-0.0133 -0.9998 -0.0159
0.0409 0.133 -0.9903
-0.2703 0.173 -0.9471
-0.1532 0.2145 -0.9646
-0.139 0.9481 0.286
0.038 0.9098 0.4133
0.2212 0.9666 0.1296
0.3662 0.0564 -0.9288
0.4234 0.1805 -0.8878
0.7146 0.0796 -0.695
0.7146 0.0796 -0.695
0.7984 0.1839 -0.5733
0.857 0.1106 -0.5033
-0.5651 0.8229 0.0589
0.0076 1 -0.0016
-0.0089 0.9999 -0.0045
-0.7191 0.4561 -0.5243
-0.0973 0.3025 -0.9482
-0.3116 0.0476 -0.949
0.8486 0.0179 -0.5287
0.8834 0.0152 -0.4683
0.3807 0.0244 -0.9244
-0.9019 -0.0407 0.43
-0.8863 0.0038 -0.463
-0.962 0.0253 0.272
0.1976 0.1249 0.9723
0.5953 0.3317 0.7318
0.0201 0.1723 0.9848
0.7191 0.4561 0.5243
0.0973 0.3025 0.9482
0.3116 0.0476 0.949
0.936 0.1162 0.3322
0.9069 0.1896 0.3763
0.8015 0.0807 0.5926
0.936 0.1162 0.3322
0.9245 -0.0298 0.3801
0.995 -0.0186 -0.0979
-0.8863 0.0038 -0.463
-0.9949 -0.0349 -0.0946
-0.5973 0.0368 -0.8011
0.194 0.4669 -0.8628
0.1754 -0.0809 -0.9812
-0.2057 -0.3705 -0.9057
0 -1 -0
-0.0199 -0.9801 0.1977
-0.1064 -0.982 0.156
0.1595 -0.9678 0.195
-0.0199 -0.9801 0.1977
0 -1 -0
0.9231 0.1883 -0.3353
0.7808 0.2321 -0.5801
0.9125 0.2409 -0.3306
-0.139 0.9481 0.286
-0.1892 0.9725 -0.1357
-0.4972 0.8627 -0.0921
0.6029 -0.1206 -0.7887
-0.0343 -0.1155 -0.9927
0.0085 0.0344 -0.9994
-0.0708 -0.2902 -0.9543
-0.0343 -0.1155 -0.9927
0.043 -0.1563 -0.9868
-0.7509 -0.6326 -0.1898
-0.9554 -0.2217 -0.1949
-0.3688 -0.3671 -0.8539
-0.2709 -0.9552 0.1189
-0.3644 -0.9302 0.0433
-0.2839 -0.9478 -0.1454
-0.8115 -0.3048 0.4986
-0.3822 -0.2445 0.8911
-0.4822 -0.0266 0.8757
0.0027 -0.035 0.9994
-0.7993 -0.1015 0.5923
-0.5377 -0.2819 0.7946
0.7509 -0.6326 0.1898
0.9554 -0.2217 0.1949
0.3688 -0.3671 0.8539
0.2709 -0.9552 -0.1189
0.3644 -0.9302 -0.0433
0.2839 -0.9478 0.1454
-0.1934 -0.0436 -0.9802
-0.0871 -0.1748 -0.9807
-0.2817 -0.1327 -0.9503
0.5824 -0.1043 -0.8062
0.0675 -0.1822 -0.981
0.0113 -0.0607 -0.9981
-0.5824 -0.1043 0.8062
-0.0675 -0.1822 0.981
-0.0113 -0.0607 0.9981
0.1934 -0.0436 0.9802
0.0871 -0.1748 0.9807
0.2817 -0.1327 0.9503
-0.7114 0.7028 -0.0008
-0.9199 0.3309 -0.2107
-0.9448 0.3218 0.0616
-0.5029 0.8601 0.0857
-0.4362 0.887 -0.1513
-0.3443 0.9191 -0.1915
0.4712 0.8769 -0.0951
0.6893 0.6699 0.2759
0.3464 0.9182 0.1922
0.7124 0.7018 0.0019
0.6893 0.6699 0.2759
0.9603 0.2788 -0.0086
0.6594 0.0478 0.7503
0.5708 0.2275 0.7889
0.5708 0.1657 0.8042
0.2703 0.173 0.9471
-0.0409 0.133 0.9903
0.2681 0.0458 0.9623
0.6437 0.4179 0.6411
0.718 -0.0789 0.6915
0.9508 -0.0925 0.2956
0.9608 -0.0086 0.2771
0.9983 -0.0166 -0.055
0.868 0.039 0.4951
-0.1934 -0.0436 -0.9802
-0.5526 -0.031 -0.8329
-0.6931 0.105 -0.7132
-0.3116 0.0476 -0.949
-0.4021 -0.0734 -0.9127
-0.7191 0.4561 -0.5243
0.6204 0.2006 0.7582
0.57 0.3892 0.7236
0.6243 0.4286 0.6532
0.2635 0.9175 0.298
0.3464 0.9182 0.1922
0.3753 0.8976 0.2313
0.9947 -0.0993 0.0277
0.882 0.427 -0.1991
0.869 0.4234 0.2559
0.0178 0.8855 0.4642
0.0656 0.9978 0.001
-0.0488 0.9986 -0.0213
-0.0152 -0.9995 0.029
-0.0002 -0.9998 -0.0205
0.0015 -0.9998 0.0217
-0.4225 -0.6586 0.6227
0.0568 -0.6693 0.7408
-0.2054 -0.1085 0.9726
-0.4555 -0.0843 0.8863
-0.0347 -0.1235 0.9917
0.0158 0.0394 0.9991
-0.3369 0.1832 0.9235
-0.3967 0.0266 0.9175
-0.0409 0.133 0.9903
0.3369 0.1832 -0.9235
0.3967 0.0266 -0.9175
0.0409 0.133 -0.9903
0.4555 -0.0843 -0.8863
0.0347 -0.1235 -0.9917
-0.0158 0.0394 -0.9991
0.7475 -0.1277 0.6518
0.1571 -0.0574 0.9859
0.1934 -0.171 0.9661
0.1571 -0.0574 0.9859
0.7475 -0.1277 0.6518
0.2692 0.0335 0.9625
0.4225 -0.6586 -0.6227
-0.0923 -0.6583 -0.7471
0.2054 -0.1087 -0.9726
0.4581 -0.8343 -0.3066
-0.0002 -0.9998 -0.0205
0.0079 -0.9999 -0.0096
0.8005 0.3453 -0.4898
0.9135 0.02 -0.4063
0.5629 0.0146 -0.8264
0.7611 0.0371 0.6476
0.9524 0.0301 0.3034
0.8988 0.2803 0.3371
0.0484 -0.0752 0.996
-0.2976 -0.0123 0.9546
-0.0959 0.0027 0.9954
0.7043 0.1264 -0.6986
0.4906 0.635 -0.5967
0.2572 0.71 -0.6555
-0.3491 0.0602 -0.9352
-0.1882 -0.0339 -0.9815
-0.8979 -0.1015 -0.4283
-0.7475 -0.1277 -0.6518
-0.7473 -0.0059 -0.6645
-0.2692 0.0335 -0.9625
-0.8005 0.3453 0.4898
-0.9135 0.02 0.4063
-0.5629 0.0146 0.8264
-0.7611 0.0371 -0.6476
-0.9524 0.0301 -0.3034
-0.8988 0.2803 -0.3371
0.4587 0.2034 0.865
0.9182 0.2057 0.3386
0.7544 0.52 0.4006
0.9182 0.2057 0.3386
0.4587 0.2034 0.865
0.3706 0.1382 0.9184
0.5708 0.2275 0.7889
0.6594 0.0478 0.7503
0.534 0.1723 0.8277
0.9269 0.2182 0.3053
0.897 0.2263 0.3797
0.9069 0.1896 0.3763
-0.2692 0.0335 -0.9625
-0.7473 -0.0059 -0.6645
-0.8076 0.0873 -0.5832
-0.3009 0.1986 -0.9327
-0.6204 0.2006 -0.7582
-0.3496 0.4663 -0.8126
0.934 0.0109 0.357
0.4021 -0.0734 0.9127
0.9108 -0.0783 0.4053
0.6055 -0.1978 0.7709
0.9108 -0.0783 0.4053
0.4021 -0.0734 0.9127
0.188 0.1382 -0.9724
0.2846 0.2034 -0.9368
0.8364 0.2057 -0.5081
0.6726 0.4878 -0.5565
0.8364 0.2057 -0.5081
0.2846 0.2034 -0.9368
-0.188 0.1382 0.9724
-0.2846 0.2034 0.9368
-0.8364 0.2057 0.5081
-0.5972 0.5713 0.563
-0.8364 0.2057 0.5081
-0.2846 0.2034 0.9368
-0.1532 0.2145 -0.9646
-0.2703 0.173 -0.9471
-0.3748 0.2552 -0.8913
-0.6594 0.0478 -0.7503
-0.5708 0.2275 -0.7889
-0.5708 0.1657 -0.8042
0.7475 -0.1277 0.6518
0.7473 -0.0059 0.6645
0.2692 0.0335 0.9625
0.2692 0.0335 0.9625
0.7473 -0.0059 0.6645
0.8076 0.0873 0.5832
-0.9228 0.1895 0.3353
-0.7641 0.2229 0.6054
-0.8956 0.2444 0.3717
0.2212 0.9666 0.1296
0.4111 0.9112 0.0251
0.2208 0.947 -0.2332
0.8831 -0.0255 -0.4686
0.1636 0.0602 -0.9847
0.8523 0.057 -0.5199
0.5417 0.0933 -0.8354
0.8352 0.013 -0.5498
0.4822 -0.0266 -0.8757
-0.8523 0.057 0.5199
-0.188 0.1382 0.9724
-0.8859 0.1388 0.4426
-0.8831 -0.0255 0.4686
-0.1636 0.0602 0.9847
-0.8523 0.057 0.5199
-0.8015 0.0807 -0.5926
-0.534 0.1723 -0.8277
-0.4659 -0.0166 -0.8847
-0.936 0.1162 -0.3322
-0.9069 0.1896 -0.3763
-0.8015 0.0807 -0.5926
0.0386 -0.855 0.5171
0.1672 -0.8495 0.5003
0.0276 -0.8209 0.5703
0.0276 -0.8209 0.5703
-0.1993 -0.8372 0.5093
-0.4297 -0.7723 0.4678
-0.0386 -0.855 -0.5171
-0.1672 -0.8495 -0.5003
-0.0276 -0.8209 -0.5703
-0.0276 -0.8209 -0.5703
0.1993 -0.8372 -0.5093
0.4297 -0.7723 -0.4678
0.5352 -0.1372 0.8335
0.202 -0.1179 0.9723
0.3882 -0.6942 0.6062
0.202 -0.1179 0.9723
0.0609 -0.302 0.9514
0.3882 -0.6942 0.6062
-0.5352 -0.1372 -0.8335
-0.202 -0.1179 -0.9723
-0.3882 -0.6942 -0.6062
-0.202 -0.1179 -0.9723
-0.0609 -0.302 -0.9514
-0.3882 -0.6942 -0.6062
0.0199 -0.9801 -0.1977
-0.1595 -0.9678 -0.195
0.0235 -0.9721 0.2334
-0.4108 -0.3947 0.8219
0.0708 -0.2902 0.9543
-0.043 -0.1563 0.9868
-0.8338 -0.1774 -0.5227
-0.9086 0.4147 -0.0499
-0.693 0.4176 -0.5877
-0.3037 0.9189 -0.2516
-0.4109 0.9111 -0.0315
0.0258 0.9926 -0.119
-0.8522 0.1906 0.4872
-0.6061 0.4548 0.6526
-0.7766 0.5769 0.2532
-0.5029 0.8601 0.0857
-0.4233 0.9051 0.0398
-0.314 0.906 0.2837
0.8122 -0.0613 -0.5801
0.1458 -0.0012 -0.9893
0.7489 0.086 -0.6571
0.5629 0.0146 -0.8264
0.9135 0.02 -0.4063
0.5936 -0.09 -0.7997
-0.5629 0.0146 0.8264
-0.9135 0.02 0.4063
-0.5936 -0.09 0.7997
-0.8122 -0.0613 0.5801
-0.1458 -0.0012 0.9893
-0.7489 0.086 0.6571
-0.934 0.0109 -0.357
-0.4021 -0.0734 -0.9127
-0.9108 -0.0783 -0.4053
-0.8149 -0.0833 -0.5735
-0.9524 0.0301 -0.3034
-0.7611 0.0371 -0.6476
-0.5691 -0.3892 -0.7244
-0.6465 -0.1759 -0.7424
-0.1934 -0.171 -0.9661
-0.0199 -0.9801 0.1977
0.1595 -0.9678 0.195
-0.0235 -0.9721 -0.2334
0.8727 0.1794 0.454
0.7191 0.4561 0.5243
0.4021 -0.0734 0.9127
0.8988 0.2803 0.3371
0.6032 0.2048 0.7709
0.7611 0.0371 0.6476
-0.7012 0.083 0.7081
-0.8734 0.1168 0.4728
-0.8397 -0.0267 0.5424
-0.6807 -0.0579 0.7302
-0.4225 -0.6586 0.6227
-0.6618 -0.0271 0.7491
0.9361 0.057 0.3471
0.3491 0.0602 0.9352
0.9564 -0.0255 0.2909
0.8121 0.075 0.5787
0.9705 -0.0585 0.2339
0.5736 -0.0904 0.8141
-0.8121 0.075 -0.5787
-0.9705 -0.0585 -0.2339
-0.5736 -0.0904 -0.8141
-0.9361 0.057 -0.3471
-0.3491 0.0602 -0.9352
-0.9564 -0.0255 -0.2909
-0.5395 0.1129 0.8344
-0.3819 -0.0372 0.9235
-0.0113 -0.0607 0.9981
-0.1458 -0.0012 0.9893
-0.8122 -0.0613 0.5801
-0.3819 -0.0372 0.9235
0.1458 -0.0012 -0.9893
0.8122 -0.0613 -0.5801
0.3819 -0.0372 -0.9235
0.5395 0.1129 -0.8344
0.3819 -0.0372 -0.9235
0.0113 -0.0607 -0.9981
0.9553 -0.282 -0.0894
0.995 -0.0186 -0.0979
0.9245 -0.0298 0.3801
0.684 -0.0523 -0.7276
0.8377 -0.0213 -0.5458
0.802 -0.2718 -0.5319
0.2681 0.0458 0.9623
0.202 -0.1179 0.9723
0.5352 -0.1372 0.8335
0.4659 -0.0166 0.8847
0.534 0.1723 0.8277
0.6594 0.0478 0.7503
-0.4659 -0.0166 -0.8847
-0.534 0.1723 -0.8277
-0.6594 0.0478 -0.7503
-0.2681 0.0458 -0.9623
-0.202 -0.1179 -0.9723
-0.5352 -0.1372 -0.8335
-0.8397 -0.0267 0.5424
-0.995 -0.0186 0.0979
-0.9553 -0.282 0.0894
-0.7086 -0.6294 -0.3191
-0.9245 -0.0298 -0.3801
-0.8123 -0.0558 -0.5806
0.8067 0.582 0.1029
0.7348 0.4114 0.5393
0.9297 0.1906 0.3151
0.3464 0.9182 0.1922
0.4233 0.9051 -0.0398
0.4712 0.8769 -0.0951
0.9245 -0.0298 0.3801
0.936 0.1162 0.3322
0.8015 0.0807 0.5926
0.8015 0.0807 0.5926
0.4659 -0.0166 0.8847
0.8067 -0.0114 0.5909
-0.4454 -0.191 0.8747
-0.8122 -0.0613 0.5801
-0.7022 -0.1911 0.6858
-0.4454 -0.191 0.8747
-0.7022 -0.1911 0.6858
-0.6366 -0.4792 0.6042
0.4454 -0.191 -0.8747
0.7022 -0.1911 -0.6858
0.6366 -0.4792 -0.6042
0.4454 -0.191 -0.8747
0.8122 -0.0613 -0.5801
0.7022 -0.1911 -0.6858
-0.0484 -0.0752 -0.996
0.2976 -0.0123 -0.9546
0.0959 0.0027 -0.9954
-0.7043 0.1264 0.6986
-0.4906 0.635 0.5967
-0.2572 0.71 0.6555
-0.962 0.0253 0.272
-0.591 0.0025 0.8067
-0.9019 -0.0407 0.43
0.1576 -0.3054 0.9391
0.1127 -0.0315 0.9931
-0.1801 0.3749 0.9094
-0.7146 0.0796 0.695
-0.4234 0.1805 0.8878
-0.798 0.1854 0.5735
-0.7641 0.2229 0.6054
-0.798 0.1854 0.5735
-0.4234 0.1805 0.8878
-0.5526 -0.031 -0.8329
-0.2817 -0.1327 -0.9503
-0.7433 -0.109 -0.66
-0.28 -0.4932 -0.8236
-0.6055 -0.1978 -0.7709
-0.2546 -0.2003 -0.9461
0.28 -0.4932 0.8236
0.6055 -0.1978 0.7709
0.2546 -0.2003 0.9461
0.5526 -0.031 0.8329
0.2817 -0.1327 0.9503
0.7433 -0.109 0.66
0.7146 0.0796 -0.695
0.4234 0.1805 -0.8878
0.7984 0.1839 -0.5733
0.6536 0.2479 -0.7151
0.7984 0.1839 -0.5733
0.4234 0.1805 -0.8878
0.8809 0.0152 0.473
0.9982 -0.0239 -0.0556
0.9545 -0.2288 0.1914
-0.9199 0.3309 -0.2107
-0.7114 0.7028 -0.0008
-0.6571 0.702 -0.2747
-0.9584 0.0246 -0.2844
-0.9962 0.0014 0.0868
-0.9545 -0.2288 -0.1914
0.6893 0.6699 0.2759
0.7124 0.7018 0.0019
0.6577 0.7018 0.2738
0.868 0.039 0.4951
0.5621 0.0057 0.8271
0.9608 -0.0086 0.2771
-0.2478 -0.9157 -0.3164
-0.3924 -0.8952 -0.2113
-0.2839 -0.9478 -0.1454
-0.4194 -0.6869 -0.5935
-0.534 -0.5099 -0.6745
-0.6055 -0.1978 -0.7709
-0.2809 0.1202 -0.9522
0.0138 0.1144 -0.9933
0.0085 0.0344 -0.9994
0.0085 0.0344 -0.9994
0.0138 0.1144 -0.9933
0.6586 0.0906 -0.747
-0.0085 0.0344 0.9994
-0.0138 0.1144 0.9933
-0.6586 0.0906 0.747
0.2809 0.1202 0.9522
-0.0138 0.1144 0.9933
-0.0085 0.0344 0.9994
0.4194 -0.6869 0.5935
0.534 -0.5099 0.6745
0.6055 -0.1978 0.7709
0.2478 -0.9157 0.3164
0.3924 -0.8952 0.2113
0.2839 -0.9478 0.1454
-0.4555 -0.0843 0.8863
-0.2054 -0.1085 0.9726
-0.3191 -0.7029 0.6357
-0.4225 -0.6586 0.6227
-0.2054 -0.1085 0.9726
-0.3662 0.0564 0.9288
0.4225 -0.6586 -0.6227
0.2054 -0.1087 -0.9726
0.3662 0.0564 -0.9288
0.4555 -0.0843 -0.8863
0.2054 -0.1087 -0.9726
0.2835 -0.7059 -0.6491
-0.9441 -0.2202 0.2452
-0.7625 0.4261 0.4868
-0.9086 0.4147 -0.0499
-0.0891 0.8845 0.4579
0.0178 0.8855 0.4642
-0.0488 0.9986 -0.0213
0.1111 -0.9797 0.167
0.1333 -0.9911 -0.0049
-0.41 -0.9061 -0.104
-0.9376 -0.3119 0.1535
-0.8115 -0.3048 0.4986
-0.8352 0.013 0.5498
0.9376 -0.3119 -0.1535
0.8115 -0.3048 -0.4986
0.8352 0.013 -0.5498
-0.1111 -0.9797 -0.167
-0.1333 -0.9911 0.0049
0.41 -0.9061 0.104
0.0258 0.9926 -0.119
-0.0488 0.9986 -0.0213
0.0656 0.9978 0.001
0.8805 -0.0636 -0.4697
0.6634 0.4629 -0.5879
0.882 0.427 -0.1991
-0.2635 0.9175 -0.298
-0.3443 0.9191 -0.1915
-0.396 0.8929 -0.2143
-0.6204 0.2006 -0.7582
-0.4953 0.4482 -0.7442
-0.6243 0.4286 -0.6532
-0.4297 -0.7723 0.4678
-0.2222 -0.8419 0.4918
0.0276 -0.8209 0.5703
-0.6445 -0.0022 0.7646
-0.2531 -0.4619 0.8501
-0.8108 -0.0929 0.5779
0.6445 -0.0022 -0.7646
0.2531 -0.4619 -0.8501
0.8108 -0.0929 -0.5779
0.4297 -0.7723 -0.4678
0.2222 -0.8419 -0.4918
-0.0276 -0.8209 -0.5703
0.3759 0.328 -0.8667
0.4018 0.1744 -0.899
-0.0201 0.1723 -0.9848
-0.0801 0.7634 -0.6409
0.3759 0.328 -0.8667
-0.0201 0.1723 -0.9848
-0.0343 -0.1155 -0.9927
0.6029 -0.1206 -0.7887
0.043 -0.1563 -0.9868
0.5478 -0.2326 -0.8036
0.2137 -0.1139 -0.9702
0.1372 -0.3325 -0.933
-0.5478 -0.2326 0.8036
-0.2137 -0.1139 0.9702
-0.1372 -0.3325 0.933
0.0343 -0.1155 0.9927
-0.6029 -0.1206 0.7887
-0.043 -0.1563 0.9868
0.7094 0.1755 0.6826
0.9297 0.1906 0.3151
0.7348 0.4114 0.5393
0.6926 0.0993 0.7145
0.9297 0.1906 0.3151
0.7094 0.1755 0.6826
-0.7094 0.1755 -0.6826
-0.9297 0.1906 -0.3151
-0.7348 0.4114 -0.5393
-0.6926 0.0993 -0.7145
-0.9297 0.1906 -0.3151
-0.7094 0.1755 -0.6826
-0.3759 0.328 0.8667
-0.4018 0.1744 0.899
0.0201 0.1723 0.9848
0.0795 0.7572 0.6483
-0.3759 0.328 0.8667
0.0201 0.1723 0.9848
0.6366 -0.4792 -0.6042
0.3337 -0.5265 -0.7819
0.4454 -0.191 -0.8747
0.1993 -0.8372 -0.5093
0.2922 -0.9234 -0.2488
0.2709 -0.9552 -0.1189
-0.6348 0.0025 -0.7726
-0.4593 0.0048 -0.8882
-0.3663 0.7498 -0.551
0.0959 0.0027 -0.9954
0.2976 -0.0123 -0.9546
0.1305 0.7499 -0.6486
0.5482 0.2405 0.801
0.3748 0.2552 0.8913
0.5708 0.1657 0.8042
-0.1758 0.8905 -0.4197
-0.2533 0.9304 -0.2651
-0.0314 0.9534 -0.3
-0.6366 -0.4792 0.6042
-0.3337 -0.5265 0.7819
-0.4454 -0.191 0.8747
-0.1993 -0.8372 0.5093
-0.2922 -0.9234 0.2488
-0.2709 -0.9552 0.1189
0.9866 0.1307 -0.0975
0.8377 -0.0213 -0.5458
0.857 0.1106 -0.5033
0.9741 0.2221 -0.0431
0.9866 0.1307 -0.0975
0.857 0.1106 -0.5033
0.3933 -0.74 -0.5456
0.5615 0.009 -0.8274
0.8805 -0.0636 -0.4697
-0.1739 0.4032 -0.8984
-0.5015 0.2061 -0.8403
0.1754 -0.0809 -0.9812
-0.1934 -0.0436 -0.9802
-0.1976 0.1249 -0.9723
-0.038 0.0674 -0.997
-0.1934 -0.0436 -0.9802
0.0113 -0.0607 -0.9981
0.0675 -0.1822 -0.981
0.1934 -0.0436 0.9802
0.1976 0.1249 0.9723
0.038 0.0674 0.997
0.1934 -0.0436 0.9802
-0.0113 -0.0607 0.9981
-0.0675 -0.1822 0.981
0.3671 0.2333 -0.9004
0.4275 0.2346 -0.8731
0.4234 0.1805 -0.8878
-0.139 0.9481 0.286
-0.0485 0.9386 0.3415
0.038 0.9098 0.4133
-0.1974 0.9019 0.3842
-0.396 0.8818 0.2562
-0.314 0.906 0.2837
-0.2846 0.2034 0.9368
-0.3425 0.4493 0.8251
-0.5972 0.5713 0.563
-0.8069 -0.5821 0.1004
-0.9884 -0.12 0.0932
-0.9554 -0.2217 -0.1949
-0.962 -0.1016 -0.2536
-0.9884 -0.12 0.0932
-0.9989 0.0206 0.0425
0.962 -0.1016 0.2536
0.9884 -0.12 -0.0932
0.9989 0.0206 -0.0425
0.8069 -0.5821 -0.1004
0.9884 -0.12 -0.0932
0.9554 -0.2217 0.1949
-0.0708 0.4674 -0.8812
0.1354 0.1715 -0.9758
-0.0983 0.1906 -0.9767
0.0138 0.1144 -0.9933
-0.2809 0.1202 -0.9522
-0.0983 0.1906 -0.9767
-0.0138 0.1144 0.9933
0.2809 0.1202 0.9522
0.0983 0.1906 0.9767
0.0708 0.4674 0.8812
-0.1354 0.1715 0.9758
0.0983 0.1906 0.9767
-0.9741 0.2221 0.0431
-0.9866 0.1307 0.0975
-0.8734 0.1168 0.4728
-0.9866 0.1307 0.0975
-0.8397 -0.0267 0.5424
-0.8734 0.1168 0.4728
0.1974 0.9019 -0.3842
0.3964 0.8839 -0.2482
0.314 0.906 -0.2837
0.2846 0.2034 -0.9368
0.3425 0.4493 -0.8251
0.6726 0.4878 -0.5565
0.1432 0.9477 -0.2852
0.0553 0.9315 -0.3595
-0.0314 0.9534 -0.3
-0.3671 0.2333 0.9004
-0.4275 0.2346 0.8731
-0.4234 0.1805 0.8878
-0.6061 0.4548 0.6526
-0.8522 0.1906 0.4872
-0.5656 0.1755 0.8058
-0.5656 0.1755 0.8058
-0.8522 0.1906 0.4872
-0.5417 0.0933 0.8354
0.6061 0.4548 -0.6526
0.8522 0.1906 -0.4872
0.5656 0.1755 -0.8058
0.5656 0.1755 -0.8058
0.8522 0.1906 -0.4872
0.5417 0.0933 -0.8354
-0.9305 -0.1872 -0.3148
-0.9108 -0.0783 -0.4053
-0.6055 -0.1978 -0.7709
-0.7121 -0.1556 -0.6847
-0.9305 -0.1872 -0.3148
-0.5558 -0.7589 -0.3394
0.9305 -0.1872 0.3148
0.9108 -0.0783 0.4053
0.6055 -0.1978 0.7709
0.7121 -0.1556 0.6847
0.9305 -0.1872 0.3148
0.5558 -0.7589 0.3394
-0.9086 0.4147 -0.0499
-0.8338 -0.1774 -0.5227
-0.9084 0.3881 -0.1555
-0.6902 0.0858 -0.7185
-0.4724 -0.291 -0.832
-0.6244 -0.6858 -0.374
-0.9857 0.033 -0.1651
-0.9294 -0.309 -0.2019
-0.9891 -0.065 0.132
-0.9346 0.0245 0.3548
-0.939 0.207 0.2745
-0.9871 0.1289 0.0953
0.9857 0.033 0.1651
0.9294 -0.309 0.2019
0.9891 -0.065 -0.132
0.9346 0.0245 -0.3548
0.939 0.207 -0.2745
0.9871 0.1289 -0.0953
-0.8015 0.0807 -0.5926
-0.4659 -0.0166 -0.8847
-0.8067 -0.0114 -0.5909
-0.8015 0.0807 -0.5926
-0.8123 -0.0558 -0.5806
-0.9245 -0.0298 -0.3801
-0.1976 0.1249 -0.9723
-0.6085 0.1971 -0.7687
-0.5953 0.3317 -0.7318
-0.6931 0.105 -0.7132
-0.1976 0.1249 -0.9723
-0.1934 -0.0436 -0.9802
0.6931 0.105 0.7132
0.1976 0.1249 0.9723
0.1934 -0.0436 0.9802
0.1976 0.1249 0.9723
0.6085 0.1971 0.7687
0.5953 0.3317 0.7318
0.038 0.9098 0.4133
0.2483 0.9325 0.2621
0.2212 0.9666 0.1296
-0.7833 0.2414 -0.5729
-0.5708 0.2275 -0.7889
-0.534 0.1723 -0.8277
0.1934 -0.171 0.9661
0.0343 -0.1155 0.9927
0.0708 -0.2902 0.9543
0.1934 -0.171 0.9661
0.0708 -0.2902 0.9543
0.5691 -0.3892 0.7244
-0.1934 -0.171 -0.9661
-0.0343 -0.1155 -0.9927
-0.0708 -0.2902 -0.9543
-0.1934 -0.171 -0.9661
-0.0708 -0.2902 -0.9543
-0.5691 -0.3892 -0.7244
0.0158 0.0394 0.9991
-0.0347 -0.1235 0.9917
0.202 -0.1179 0.9723
0.202 -0.1179 0.9723
-0.0347 -0.1235 0.9917
0.0609 -0.302 0.9514
-0.202 -0.1179 -0.9723
0.0347 -0.1235 -0.9917
-0.0609 -0.302 -0.9514
-0.0158 0.0394 -0.9991
0.0347 -0.1235 -0.9917
-0.202 -0.1179 -0.9723
0.0085 0.0344 -0.9994
-0.2692 0.0335 -0.9625
-0.2809 0.1202 -0.9522
-0.8076 0.0873 -0.5832
-0.2809 0.1202 -0.9522
-0.2692 0.0335 -0.9625
0.8076 0.0873 0.5832
0.2809 0.1202 0.9522
0.2692 0.0335 0.9625
-0.0085 0.0344 0.9994
0.2692 0.0335 0.9625
0.2809 0.1202 0.9522
0.6618 -0.0271 -0.7491
0.3662 0.0564 -0.9288
0.7146 0.0796 -0.695
0.8377 -0.0213 -0.5458
0.684 -0.0523 -0.7276
0.7146 0.0796 -0.695
0.2347 0.4341 0.8698
0.3044 0.0205 0.9523
0.718 -0.0789 0.6915
0.4656 0.0586 0.883
0.1576 -0.3054 0.9391
0.4132 -0.7428 0.5269
-0.3035 -0.8631 -0.4037
-0.4592 -0.8339 0.3061
-0.5602 -0.8255 0.068
-0.9553 -0.282 0.0894
-0.802 -0.2718 0.5319
-0.8397 -0.0267 0.5424
0.5129 0.8314 0.2137
0.5652 0.8229 -0.0588
0.3517 0.737 0.5772
0.9524 0.2922 -0.0866
0.8988 0.2803 0.3371
0.9989 0.0206 -0.0425
0.9508 -0.0925 0.2956
0.8739 -0.2977 0.3843
0.9739 -0.222 -0.0474
0.882 0.427 -0.1991
0.9947 -0.0993 0.0277
0.8805 -0.0636 -0.4697
0.7086 -0.6294 0.3191
0.9245 -0.0298 0.3801
0.8123 -0.0558 0.5806
0.8015 0.0807 0.5926
0.8123 -0.0558 0.5806
0.9245 -0.0298 0.3801
-0.5973 0.0368 -0.8011
-0.3057 -0.0191 -0.9519
-0.8863 0.0038 -0.463
-0.8397 -0.0267 0.5424
-0.6807 -0.0579 0.7302
-0.7012 0.083 0.7081
-0.6807 -0.0579 0.7302
-0.8397 -0.0267 0.5424
-0.802 -0.2718 0.5319
0.3035 -0.8631 0.4037
0.4581 -0.8343 -0.3066
0.5602 -0.8255 -0.068
0.9553 -0.282 -0.0894
0.802 -0.2718 -0.5319
0.8377 -0.0213 -0.5458
-0.3656 0.9097 0.197
-0.396 0.8818 0.2562
-0.1974 0.9019 0.3842
-0.8399 0.367 0.3999
-0.4906 0.635 0.5967
-0.7043 0.1264 0.6986
0.8639 0.3295 -0.3809
0.4906 0.635 -0.5967
0.7043 0.1264 -0.6986
0.3656 0.9097 -0.197
0.3964 0.8839 -0.2482
0.1974 0.9019 -0.3842
0.8121 0.075 0.5787
0.5736 -0.0904 0.8141
0.5839 0.0031 0.8118
0.9271 0.0093 0.3746
0.9857 0.033 0.1651
0.6926 0.0993 0.7145
-0.8121 0.075 -0.5787
-0.5736 -0.0904 -0.8141
-0.5839 0.0031 -0.8118
-0.9271 0.0093 -0.3746
-0.9857 0.033 -0.1651
-0.6926 0.0993 -0.7145
0.2478 -0.9157 0.3164
0.1735 -0.9306 0.3223
0.3924 -0.8952 0.2113
0.5647 -0.0989 0.8194
0.8809 0.0152 0.473
0.6711 -0.3933 0.6284
0.0409 0.133 -0.9903
-0.0158 0.0394 -0.9991
-0.2681 0.0458 -0.9623
0.0409 0.133 -0.9903
0.3967 0.0266 -0.9175
-0.0158 0.0394 -0.9991
-0.0409 0.133 0.9903
0.0158 0.0394 0.9991
0.2681 0.0458 0.9623
-0.0409 0.133 0.9903
-0.3967 0.0266 0.9175
0.0158 0.0394 0.9991
-0.2478 -0.9157 -0.3164
-0.1735 -0.9306 -0.3223
-0.3924 -0.8952 -0.2113
-0.5647 -0.0989 -0.8194
-0.9584 0.0246 -0.2844
-0.6711 -0.3933 -0.6284
-0.0959 0.0027 0.9954
-0.2976 -0.0123 0.9546
-0.1305 0.7499 0.6486
0.6348 0.0025 0.7726
0.4593 0.0048 0.8882
0.3663 0.7498 0.551
-0.3663 0.7498 -0.551
-0.5493 0.7498 -0.3688
-0.773 0.0067 -0.6343
-0.9962 0.0014 0.0868
-0.9942 0.0327 -0.1027
-0.6486 0.7498 -0.1305
-0.5129 0.8314 -0.2137
-0.5651 0.8229 0.0589
-0.3517 0.737 -0.5772
-0.9524 0.2922 0.0866
-0.8988 0.2803 -0.3371
-0.9989 0.0206 0.0425
-0.3688 0.7498 0.5493
-0.1305 0.7499 0.6486
-0.2976 -0.0123 0.9546
-0.6492 0.7498 0.1276
-0.551 0.7498 0.3663
-0.8875 -0.0056 0.4607
0.6594 0.0478 0.7503
0.2703 0.173 0.9471
0.2681 0.0458 0.9623
0.5352 -0.1372 0.8335
0.6594 0.0478 0.7503
0.2681 0.0458 0.9623
-0.6594 0.0478 -0.7503
-0.2703 0.173 -0.9471
-0.2681 0.0458 -0.9623
-0.5352 -0.1372 -0.8335
-0.6594 0.0478 -0.7503
-0.2681 0.0458 -0.9623
-0.3819 -0.0372 0.9235
-0.4018 0.1744 0.899
-0.1458 -0.0012 0.9893
0.1442 0.6533 0.7432
-0.1458 -0.0012 0.9893
-0.4018 0.1744 0.899
-0.1442 0.6533 -0.7432
0.1458 -0.0012 -0.9893
0.4018 0.1744 -0.899
0.3819 -0.0372 -0.9235
0.4018 0.1744 -0.899
0.1458 -0.0012 -0.9893
0.9962 0.0014 -0.0868
0.9942 0.0327 0.1027
0.6486 0.7498 0.1305
0.6492 0.7498 -0.1276
0.551 0.7498 -0.3663
0.8875 -0.0056 -0.4607
-0.2186 0.0119 0.9757
-0.5663 0 0.8242
0.0057 -0.0056 1
-0.0126 0.9193 -0.3933
0.0397 0.7657 -0.642
-0.0565 0.8305 -0.5541
0.1354 0.1715 -0.9758
-0.0708 0.4674 -0.8812
0.1279 0.4732 -0.8716
0.0126 0.9193 0.3933
-0.0397 0.7657 0.642
0.0565 0.8305 0.5541
-0.1354 0.1715 0.9758
0.0708 0.4674 0.8812
-0.1279 0.4732 0.8716
0.9989 0.0206 -0.0425
0.9524 0.0301 0.3034
0.962 -0.1016 0.2536
0.9524 0.0301 0.3034
0.9989 0.0206 -0.0425
0.8988 0.2803 0.3371
-0.9989 0.0206 0.0425
-0.9524 0.0301 -0.3034
-0.962 -0.1016 -0.2536
-0.9524 0.0301 -0.3034
-0.9989 0.0206 0.0425
-0.8988 0.2803 -0.3371
0.3663 0.7498 0.551
0.5493 0.7498 0.3688
0.773 0.0067 0.6343
0.5493 0.7498 0.3688
0.6486 0.7498 0.1305
0.9584 0.0246 0.2844
-0.7625 0.4261 0.4868
-0.8943 -0.0496 0.4447
-0.5448 -0.0785 0.8349
-0.7117 0.0768 0.6983
-0.8868 -0.1638 0.4322
-0.5382 -0.1805 0.8233
0.2791 0.9167 0.2859
0.0656 0.9978 0.001
0.0178 0.8855 0.4642
0.718 -0.0789 0.6915
0.6437 0.4179 0.6411
0.2347 0.4341 0.8698
0.3587 0.8332 0.4208
0.3464 0.9182 0.1922
0.3525 0.7717 0.5294
0.8241 0.202 0.5292
0.7348 0.4114 0.5393
0.7544 0.52 0.4006
-0.3587 0.8332 -0.4208
-0.3443 0.9191 -0.1915
-0.3525 0.7717 -0.5294
-0.8241 0.202 -0.5292
-0.7348 0.4114 -0.5393
-0.7544 0.52 -0.4006
0.3748 0.2552 0.8913
0.0893 0.2543 0.963
0.1532 0.2145 0.9646
0.0893 0.2543 0.963
0.0195 0.178 0.9838
0.1532 0.2145 0.9646
-0.2732 0.7036 -0.656
-0.1829 0.6231 -0.7604
-0.5882 0.6249 -0.5134
-0.1829 0.6231 -0.7604
-0.197 0.8169 -0.5421
-0.5882 0.6249 -0.5134
0.1305 0.7499 -0.6486
-0.1276 0.7499 -0.6492
-0.0845 -0.0029 -0.9964
0.1829 0.6231 0.7604
0.2732 0.7036 0.656
-0.0013 0.705 0.7092
-0.3748 0.2552 -0.8913
-0.0893 0.2543 -0.963
-0.1532 0.2145 -0.9646
-0.0893 0.2543 -0.963
-0.0195 0.178 -0.9838
-0.1532 0.2145 -0.9646
-0.7022 -0.1911 0.6858
-0.9099 -0.2132 0.3559
-0.6878 -0.6299 0.3609
-0.9099 -0.2132 0.3559
-0.7022 -0.1911 0.6858
-0.5936 -0.09 0.7997
0.7022 -0.1911 -0.6858
0.9099 -0.2132 -0.3559
0.6878 -0.6299 -0.3609
0.9099 -0.2132 -0.3559
0.7022 -0.1911 -0.6858
0.5936 -0.09 -0.7997
0.0138 0.1144 -0.9933
-0.0983 0.1906 -0.9767
0.1354 0.1715 -0.9758
0.0138 0.1144 -0.9933
0.1354 0.1715 -0.9758
0.4638 0.2006 -0.8629
-0.0138 0.1144 0.9933
-0.1354 0.1715 0.9758
-0.4638 0.2006 0.8629
-0.0138 0.1144 0.9933
0.0983 0.1906 0.9767
-0.1354 0.1715 0.9758
-0.3967 0.0266 0.9175
-0.3662 0.0564 0.9288
-0.2054 -0.1085 0.9726
-0.3662 0.0564 0.9288
-0.3967 0.0266 0.9175
-0.3369 0.1832 0.9235
0.3662 0.0564 -0.9288
0.3967 0.0266 -0.9175
0.3369 0.1832 -0.9235
0.3967 0.0266 -0.9175
0.3662 0.0564 -0.9288
0.2054 -0.1087 -0.9726
0.3946 -0.8635 0.3142
-0.1069 -0.8331 0.5427
0.0646 -0.9369 -0.3436
0.2745 -0.8807 0.3861
0.0235 -0.9721 0.2334
-0.1595 -0.9678 -0.195
0.1672 -0.8495 0.5003
0.1735 -0.9306 0.3223
0.2478 -0.9157 0.3164
0.6055 -0.1978 0.7709
0.28 -0.4932 0.8236
0.9041 -0.3728 0.2089
-0.1672 -0.8495 -0.5003
-0.1735 -0.9306 -0.3223
-0.2478 -0.9157 -0.3164
-0.6055 -0.1978 -0.7709
-0.28 -0.4932 -0.8236
-0.9041 -0.3728 -0.2089
0.4727 -0.4607 0.7512
0.8576 -0.3371 0.3884
0.5736 -0.0904 0.8141
-0.1069 -0.8331 0.5427
0.3946 -0.8635 0.3142
0.7725 -0.3389 0.537
0.1069 -0.8331 -0.5427
-0.3946 -0.8635 -0.3142
-0.7725 -0.3389 -0.537
-0.4727 -0.4607 -0.7512
-0.8576 -0.3371 -0.3884
-0.5736 -0.0904 -0.8141
-0.0609 -0.302 -0.9514
0.0347 -0.1235 -0.9917
0.2835 -0.7059 -0.6491
0.2835 -0.7059 -0.6491
-0.0935 -0.7629 -0.6398
-0.0609 -0.302 -0.9514
-0.0699 -0.5452 -0.8354
-0.2745 -0.8807 -0.3861
-0.5691 -0.3892 -0.7244
-0.3946 -0.8635 -0.3142
0.1069 -0.8331 -0.5427
-0.0646 -0.9369 0.3436
-0.5482 0.2405 -0.801
-0.3748 0.2552 -0.8913
-0.5708 0.1657 -0.8042
0.174 0.8979 0.4044
0.2483 0.9325 0.2621
0.038 0.9098 0.4133
-0.188 0.1382 0.9724
-0.8523 0.057 0.5199
-0.1636 0.0602 0.9847
-0.4638 0.2006 0.8629
-0.188 0.1382 0.9724
-0.4014 0.0203 0.9157
-0.5692 0.0203 -0.8219
-0.3706 0.1382 -0.9184
-0.6204 0.2006 -0.7582
-0.3491 0.0602 -0.9352
-0.9361 0.057 -0.3471
-0.3706 0.1382 -0.9184
-0.7641 0.2229 0.6054
-0.9228 0.1895 0.3353
-0.798 0.1854 0.5735
-0.9228 0.1895 0.3353
-0.8734 0.1168 0.4728
-0.798 0.1854 0.5735
0.1064 -0.982 -0.156
0.219 -0.8324 0.5091
-0.1939 -0.9456 0.2614
0.1064 -0.982 -0.156
-0.1195 -0.8307 0.5438
0.1333 -0.9911 -0.0049
0.5692 0.0203 0.8219
0.3706 0.1382 0.9184
0.6204 0.2006 0.7582
0.3491 0.0602 0.9352
0.9361 0.057 0.3471
0.3706 0.1382 0.9184
-0.1064 -0.982 0.156
0.1195 -0.8307 -0.5438
-0.1333 -0.9911 0.0049
-0.1064 -0.982 0.156
-0.219 -0.8324 -0.5091
0.1939 -0.9456 -0.2614
0.188 0.1382 -0.9724
0.8523 0.057 -0.5199
0.1636 0.0602 -0.9847
0.4638 0.2006 -0.8629
0.188 0.1382 -0.9724
0.4014 0.0203 -0.9157
0.3569 -0.903 -0.2392
0.4397 -0.895 -0.0747
-0.1333 -0.9911 0.0049
-0.1333 -0.9911 0.0049
0.1195 -0.8307 -0.5438
0.3569 -0.903 -0.2392
0.1333 -0.9911 -0.0049
-0.1195 -0.8307 0.5438
-0.3569 -0.903 0.2392
-0.3569 -0.903 0.2392
-0.4397 -0.895 0.0747
0.1333 -0.9911 -0.0049
0.9069 0.1896 0.3763
0.534 0.1723 0.8277
0.8015 0.0807 0.5926
0.9069 0.1896 0.3763
0.7833 0.2414 0.5729
0.534 0.1723 0.8277
-0.9069 0.1896 -0.3763
-0.7833 0.2414 -0.5729
-0.534 0.1723 -0.8277
-0.9069 0.1896 -0.3763
-0.534 0.1723 -0.8277
-0.8015 0.0807 -0.5926
0.0085 0.0344 -0.9994
-0.0343 -0.1155 -0.9927
-0.1571 -0.0574 -0.9859
-0.0343 -0.1155 -0.9927
-0.1934 -0.171 -0.9661
-0.1571 -0.0574 -0.9859
0.0343 -0.1155 0.9927
0.1934 -0.171 0.9661
0.1571 -0.0574 0.9859
-0.0085 0.0344 0.9994
0.0343 -0.1155 0.9927
0.1571 -0.0574 0.9859
0.0871 -0.1748 0.9807
-0.0675 -0.1822 0.981
0.0353 -0.4739 0.8799
-0.0675 -0.1822 0.981
0.0871 -0.1748 0.9807
0.1934 -0.0436 0.9802
-0.0871 -0.1748 -0.9807
0.0675 -0.1822 -0.981
-0.0353 -0.4739 -0.8799
0.0675 -0.1822 -0.981
-0.0871 -0.1748 -0.9807
-0.1934 -0.0436 -0.9802
0.2222 -0.8419 -0.4918
-0.0386 -0.855 -0.5171
-0.0276 -0.8209 -0.5703
-0.0845 -0.0029 -0.9964
-0.253 -0.0714 -0.9648
-0.0484 -0.0752 -0.996
0.0845 -0.0029 0.9964
0.253 -0.0714 0.9648
0.0484 -0.0752 0.996
-0.2222 -0.8419 0.4918
0.0386 -0.855 0.5171
0.0276 -0.8209 0.5703
0.9231 0.1883 -0.3353
0.857 0.1106 -0.5033
0.7984 0.1839 -0.5733
0.7808 0.2321 -0.5801
0.9231 0.1883 -0.3353
0.7984 0.1839 -0.5733
0.7475 -0.1277 0.6518
0.1934 -0.171 0.9661
0.6465 -0.1759 0.7424
0.4476 -0.1336 0.8842
0.5692 0.0203 0.8219
0.7475 -0.1277 0.6518
-0.7475 -0.1277 -0.6518
-0.1934 -0.171 -0.9661
-0.6465 -0.1759 -0.7424
-0.4476 -0.1336 -0.8842
-0.5692 0.0203 -0.8219
-0.7475 -0.1277 -0.6518
0.1829 0.6231 0.7604
0.197 0.8169 0.5421
0.5782 0.612 0.5395
0.2732 0.7036 0.656
0.1829 0.6231 0.7604
0.5782 0.612 0.5395
0.5652 0.8229 -0.0588
0.4348 0.8259 -0.3588
0.3035 0.7166 -0.628
0.9135 0.02 -0.4063
0.8005 0.3453 -0.4898
0.9524 0.2922 -0.0866
-0.8352 0.013 0.5498
-0.9346 0.0245 0.3548
-0.9376 -0.3119 0.1535
-0.5417 0.0933 0.8354
-0.9346 0.0245 0.3548
-0.8352 0.013 0.5498
0.5417 0.0933 -0.8354
0.9346 0.0245 -0.3548
0.8352 0.013 -0.5498
0.8352 0.013 -0.5498
0.9346 0.0245 -0.3548
0.9376 -0.3119 -0.1535
0.7716 0.0023 -0.6361
0.8875 -0.0056 -0.4607
0.551 0.7498 -0.3663
0.551 0.7498 -0.3663
0.3688 0.7498 -0.5493
0.6445 -0.0022 -0.7646
0.6029 -0.1206 -0.7887
0.4014 0.0203 -0.9157
0.2137 -0.1139 -0.9702
0.2137 -0.1139 -0.9702
0.5478 -0.2326 -0.8036
0.6029 -0.1206 -0.7887
-0.6029 -0.1206 0.7887
-0.4014 0.0203 0.9157
-0.2137 -0.1139 0.9702
-0.2137 -0.1139 0.9702
-0.5478 -0.2326 0.8036
-0.6029 -0.1206 0.7887
0.0671 -0.6421 0.7637
0.4659 -0.0166 0.8847
0.5352 -0.1372 0.8335
0.6594 0.0478 0.7503
0.5352 -0.1372 0.8335
0.4659 -0.0166 0.8847
-0.6594 0.0478 -0.7503
-0.5352 -0.1372 -0.8335
-0.4659 -0.0166 -0.8847
-0.0671 -0.6421 -0.7637
-0.4659 -0.0166 -0.8847
-0.5352 -0.1372 -0.8335
-0.3057 -0.0191 -0.9519
-0.5973 0.0368 -0.8011
0.1467 0.0508 -0.9879
-0.0516 -0.3351 -0.9408
-0.1739 0.4032 -0.8984
0.3486 0.0198 -0.9371
0.326 0.7882 -0.5219
0.194 0.4669 -0.8628
-0.0854 0.6588 -0.7474
0.6792 -0.1348 -0.7215
0.194 0.4669 -0.8628
0.6634 0.4629 -0.5879
-0.4638 0.2006 0.8629
-0.6586 0.0906 0.747
-0.0138 0.1144 0.9933
-0.6586 0.0906 0.747
-0.4638 0.2006 0.8629
-0.4014 0.0203 0.9157
0.0609 -0.302 0.9514
-0.0347 -0.1235 0.9917
-0.3191 -0.7029 0.6357
-0.3191 -0.7029 0.6357
0.0935 -0.7629 0.6398
0.0609 -0.302 0.9514
0.9554 -0.2217 0.1949
0.962 -0.1016 0.2536
0.7121 -0.1556 0.6847
0.9554 -0.2217 0.1949
0.9884 -0.12 -0.0932
0.962 -0.1016 0.2536
-0.9554 -0.2217 -0.1949
-0.962 -0.1016 -0.2536
-0.7121 -0.1556 -0.6847
-0.9554 -0.2217 -0.1949
-0.9884 -0.12 0.0932
-0.962 -0.1016 -0.2536
0.4638 0.2006 -0.8629
0.6586 0.0906 -0.747
0.0138 0.1144 -0.9933
0.6586 0.0906 -0.747
0.4638 0.2006 -0.8629
0.4014 0.0203 -0.9157
0.9376 -0.3119 -0.1535
0.9891 -0.065 -0.132
0.9294 -0.309 0.2019
0.41 -0.9061 0.104
-0.1333 -0.9911 0.0049
0.4397 -0.895 -0.0747
-0.41 -0.9061 -0.104
0.1333 -0.9911 -0.0049
-0.4397 -0.895 0.0747
-0.9376 -0.3119 0.1535
-0.9891 -0.065 0.132
-0.9294 -0.309 -0.2019
-0.0113 -0.0607 0.9981
0.1934 -0.0436 0.9802
0.038 0.0674 0.997
0.038 0.0674 0.997
-0.5395 0.1129 0.8344
-0.0113 -0.0607 0.9981
-0.038 0.0674 -0.997
0.5395 0.1129 -0.8344
0.0113 -0.0607 -0.9981
0.0113 -0.0607 -0.9981
-0.1934 -0.0436 -0.9802
-0.038 0.0674 -0.997
-0.3009 0.1986 -0.9327
-0.0983 0.1906 -0.9767
-0.2809 0.1202 -0.9522
-0.6204 0.2006 -0.7582
-0.3009 0.1986 -0.9327
-0.2809 0.1202 -0.9522
0.3009 0.1986 0.9327
0.0983 0.1906 0.9767
0.2809 0.1202 0.9522
0.6204 0.2006 0.7582
0.3009 0.1986 0.9327
0.2809 0.1202 0.9522
-0.139 0.9481 0.286
-0.2533 0.9304 -0.2651
-0.1892 0.9725 -0.1357
0.7833 0.2414 0.5729
0.5708 0.2275 0.7889
0.534 0.1723 0.8277
-0.4234 0.1805 0.8878
-0.3369 0.1832 0.9235
-0.3671 0.2333 0.9004
-0.3369 0.1832 0.9235
-0.4234 0.1805 0.8878
-0.3662 0.0564 0.9288
0.3369 0.1832 -0.9235
0.4234 0.1805 -0.8878
0.3662 0.0564 -0.9288
0.4234 0.1805 -0.8878
0.3369 0.1832 -0.9235
0.3671 0.2333 -0.9004
0.4018 0.1744 -0.899
0.3819 -0.0372 -0.9235
0.5395 0.1129 -0.8344
0.5395 0.1129 -0.8344
-0.0201 0.1723 -0.9848
0.4018 0.1744 -0.899
-0.2809 0.1202 -0.9522
-0.8076 0.0873 -0.5832
-0.6204 0.2006 -0.7582
-0.5692 0.0203 -0.8219
-0.6204 0.2006 -0.7582
-0.8076 0.0873 -0.5832
-0.5395 0.1129 0.8344
0.0201 0.1723 0.9848
-0.4018 0.1744 0.899
-0.4018 0.1744 0.899
-0.3819 -0.0372 0.9235
-0.5395 0.1129 0.8344
0.2809 0.1202 0.9522
0.8076 0.0873 0.5832
0.6204 0.2006 0.7582
0.5692 0.0203 0.8219
0.6204 0.2006 0.7582
0.8076 0.0873 0.5832
-0.2546 -0.2003 -0.9461
-0.2817 -0.1327 -0.9503
-0.0871 -0.1748 -0.9807
-0.2817 -0.1327 -0.9503
-0.2546 -0.2003 -0.9461
-0.6055 -0.1978 -0.7709
0.2817 -0.1327 0.9503
0.2546 -0.2003 0.9461
0.6055 -0.1978 0.7709
0.2546 -0.2003 0.9461
0.2817 -0.1327 0.9503
0.0871 -0.1748 0.9807
0.0013 0.705 -0.7092
0.2572 0.71 -0.6555
0.1455 0.6216 -0.7697
-0.1305 0.7499 0.6486
0.1276 0.7499 0.6492
0.0845 -0.0029 0.9964
-0.2049 -0.8828 0.4227
0.0699 -0.5452 0.8354
-0.4108 -0.3947 0.8219
0.1375 -0.2123 0.9675
-0.5795 -0.5507 0.6007
0.219 -0.8324 0.5091
-0.6085 0.1971 -0.7687
-0.294 0.8382 -0.4593
-0.5953 0.3317 -0.7318
-0.015 0.9976 -0.0669
-0.3384 0.7811 -0.5247
0.0076 1 -0.0016
-0.3819 -0.0372 0.9235
-0.4454 -0.191 0.8747
-0.5824 -0.1043 0.8062
-0.0113 -0.0607 0.9981
-0.3819 -0.0372 0.9235
-0.5824 -0.1043 0.8062
0.1442 0.6533 0.7432
0.1466 0.0319 0.9887
-0.1458 -0.0012 0.9893
-0.5913 0.4431 0.6738
-0.1458 -0.0012 0.9893
0.1466 0.0319 0.9887
-0.1375 -0.2123 -0.9675
0.5795 -0.5507 -0.6007
-0.219 -0.8324 -0.5091
0.2049 -0.8828 -0.4227
-0.0699 -0.5452 -0.8354
0.4108 -0.3947 -0.8219
0.0113 -0.0607 -0.9981
0.3819 -0.0372 -0.9235
0.5824 -0.1043 -0.8062
0.3819 -0.0372 -0.9235
0.4454 -0.191 -0.8747
0.5824 -0.1043 -0.8062
-0.1442 0.6533 -0.7432
-0.1466 0.0319 -0.9887
0.1458 -0.0012 -0.9893
0.5913 0.4431 -0.6738
0.1458 -0.0012 -0.9893
-0.1466 0.0319 -0.9887
0.7895 0.225 -0.5711
0.7808 0.2321 -0.5801
0.7984 0.1839 -0.5733
-0.3668 0.8948 0.2547
-0.2048 0.94 0.2728
-0.4325 0.9016 -0.012
-0.4481 -0.3249 0.8328
-0.1099 -0.5882 0.8012
-0.4454 -0.191 0.8747
-0.1993 -0.8372 0.5093
0.0276 -0.8209 0.5703
-0.1099 -0.5882 0.8012
0.1993 -0.8372 -0.5093
-0.0276 -0.8209 -0.5703
0.1099 -0.5882 -0.8012
0.4481 -0.3249 -0.8328
0.1099 -0.5882 -0.8012
0.4454 -0.191 -0.8747
-0.6486 0.7498 -0.1305
-0.6492 0.7498 0.1276
-0.9962 0.0014 0.0868
-0.8875 -0.0056 0.4607
-0.9575 0.0143 0.2882
-0.6492 0.7498 0.1276
0.8805 -0.0636 -0.4697
0.6481 -0.5636 -0.5121
0.3933 -0.74 -0.5456
0.8862 -0.3549 -0.2977
0.8805 -0.0636 -0.4697
0.9872 0.065 -0.1455
-0.396 0.8929 -0.2143
-0.3443 0.9191 -0.1915
-0.4362 0.887 -0.1513
-0.6571 0.702 -0.2747
-0.5882 0.6249 -0.5134
-0.9199 0.3309 -0.2107
-0.6931 0.105 -0.7132
-0.5526 -0.031 -0.8329
-0.4695 0.1431 -0.8712
-0.6085 0.1971 -0.7687
-0.1976 0.1249 -0.9723
-0.6931 0.105 -0.7132
-0.4109 0.9111 -0.0315
-0.0488 0.9986 -0.0213
0.0258 0.9926 -0.119
-0.2896 0.9016 0.3213
-0.0488 0.9986 -0.0213
-0.4109 0.9111 -0.0315
0.6931 0.105 0.7132
0.5526 -0.031 0.8329
0.4695 0.1431 0.8712
0.6085 0.1971 0.7687
0.1976 0.1249 0.9723
0.6931 0.105 0.7132
-0.8005 0.3453 0.4898
-0.4348 0.8259 0.3588
-0.5651 0.8229 0.0589
-0.9135 0.02 0.4063
-0.8005 0.3453 0.4898
-0.9524 0.2922 0.0866
-0.9482 0.3159 0.0334
-0.9523 -0.305 0.0019
-0.8868 -0.1638 0.4322
-0.6244 -0.6858 -0.374
-0.9084 0.3881 -0.1555
-0.6902 0.0858 -0.7185
-0.6055 -0.1978 -0.7709
-0.7433 -0.109 -0.66
-0.2817 -0.1327 -0.9503
-0.7433 -0.109 -0.66
-0.6055 -0.1978 -0.7709
-0.5526 -0.031 -0.8329
0.7433 -0.109 0.66
0.6055 -0.1978 0.7709
0.5526 -0.031 0.8329
0.6055 -0.1978 0.7709
0.7433 -0.109 0.66
0.2817 -0.1327 0.9503
-0.6618 -0.0271 0.7491
-0.7012 0.083 0.7081
-0.6807 -0.0579 0.7302
-0.7146 0.0796 0.695
-0.798 0.1854 0.5735
-0.7012 0.083 0.7081
-0.5448 0.0455 -0.8374
-0.7191 0.4561 -0.5243
-0.7611 0.0371 -0.6476
-0.6032 0.2048 -0.7709
-0.5129 0.8314 -0.2137
-0.3517 0.737 -0.5772
-0.8149 -0.0833 -0.5735
-0.7121 -0.1556 -0.6847
-0.962 -0.1016 -0.2536
-0.7121 -0.1556 -0.6847
-0.8149 -0.0833 -0.5735
-0.9305 -0.1872 -0.3148
0.6032 0.2048 0.7709
0.5129 0.8314 0.2137
0.3517 0.737 0.5772
0.5448 0.0455 0.8374
0.7191 0.4561 0.5243
0.7611 0.0371 0.6476
0.0795 0.7572 0.6483
0.0068 0.999 0.0446
-0.0023 0.999 0.0448
0.0795 0.7572 0.6483
0.0201 0.1723 0.9848
0.5953 0.3317 0.7318
0.4132 -0.7428 0.5269
0.718 -0.0789 0.6915
0.4656 0.0586 0.883
0.8739 -0.2977 0.3843
0.9508 -0.0925 0.2956
0.718 -0.0789 0.6915
-0.8364 0.2057 0.5081
-0.8859 0.1388 0.4426
-0.188 0.1382 0.9724
-0.8859 0.1388 0.4426
-0.7076 0.202 0.6772
-0.688 0.0716 0.7222
0.7121 -0.1556 0.6847
0.8149 -0.0833 0.5735
0.9305 -0.1872 0.3148
0.8149 -0.0833 0.5735
0.7121 -0.1556 0.6847
0.962 -0.1016 0.2536
0.8377 -0.0213 -0.5458
0.9866 0.1307 -0.0975
0.995 -0.0186 -0.0979
0.8377 -0.0213 -0.5458
0.995 -0.0186 -0.0979
0.9553 -0.282 -0.0894
0.3706 0.1382 0.9184
0.9543 0.1388 0.2649
0.9182 0.2057 0.3386
0.8121 0.075 0.5787
0.8241 0.202 0.5292
0.9543 0.1388 0.2649
-0.3706 0.1382 -0.9184
-0.9543 0.1388 -0.2649
-0.9182 0.2057 -0.3386
-0.8121 0.075 -0.5787
-0.8241 0.202 -0.5292
-0.9543 0.1388 -0.2649
-0.0002 -0.9998 -0.0205
-0.0139 -0.9993 -0.035
0.2835 -0.7059 -0.6491
0.0079 -0.9999 -0.0096
-0.0002 -0.9998 -0.0205
-0.0923 -0.6583 -0.7471
0.0409 0.133 -0.9903
-0.0195 0.178 -0.9838
0.3369 0.1832 -0.9235
0.0409 0.133 -0.9903
-0.1532 0.2145 -0.9646
-0.0195 0.178 -0.9838
-0.0409 0.133 0.9903
0.1532 0.2145 0.9646
0.0195 0.178 0.9838
-0.0409 0.133 0.9903
0.0195 0.178 0.9838
-0.3369 0.1832 0.9235
0.8364 0.2057 -0.5081
0.8859 0.1388 -0.4426
0.188 0.1382 -0.9724
0.8859 0.1388 -0.4426
0.7076 0.202 -0.6772
0.688 0.0716 -0.7222
-0.8809 0.0152 -0.473
-0.773 0.0067 -0.6343
-0.5493 0.7498 -0.3688
-0.9584 0.0246 -0.2844
-0.5647 -0.0989 -0.8194
-0.773 0.0067 -0.6343
0.8809 0.0152 0.473
0.5647 -0.0989 0.8194
0.773 0.0067 0.6343
0.8809 0.0152 0.473
0.773 0.0067 0.6343
0.5493 0.7498 0.3688
0.9245 -0.0298 0.3801
0.7086 -0.6294 0.3191
0.9553 -0.282 -0.0894
0.3681 -0.6237 0.6895
0.5602 -0.8255 -0.068
0.7086 -0.6294 0.3191
-0.3681 -0.6237 -0.6895
-0.5602 -0.8255 0.068
-0.7086 -0.6294 -0.3191
-0.9245 -0.0298 -0.3801
-0.7086 -0.6294 -0.3191
-0.9553 -0.282 0.0894
-0.2703 0.173 -0.9471
-0.6594 0.0478 -0.7503
-0.5708 0.1657 -0.8042
-0.2703 0.173 -0.9471
-0.5708 0.1657 -0.8042
-0.3748 0.2552 -0.8913
0.2703 0.173 0.9471
0.6594 0.0478 0.7503
0.5708 0.1657 0.8042
0.2703 0.173 0.9471
0.5708 0.1657 0.8042
0.3748 0.2552 0.8913
-0.0488 0.9986 -0.0213
-0.2896 0.9016 0.3213
-0.0891 0.8845 0.4579
-0.5448 -0.0785 0.8349
-0.377 0.4132 0.8289
-0.7625 0.4261 0.4868
-0.936 0.1162 -0.3322
-0.9245 -0.0298 -0.3801
-0.995 -0.0186 0.0979
-0.9553 -0.282 0.0894
-0.995 -0.0186 0.0979
-0.9245 -0.0298 -0.3801
0.0656 0.9978 0.001
0.2791 0.9167 0.2859
0.3956 0.911 0.1166
0.9508 -0.0925 0.2956
0.869 0.4234 0.2559
0.6437 0.4179 0.6411
0.0699 -0.5452 0.8354
0.2745 -0.8807 0.3861
0.5691 -0.3892 0.7244
0.7725 -0.3389 0.537
0.0719 -0.2343 0.9695
-0.1069 -0.8331 0.5427
-0.3569 -0.903 0.2392
-0.1195 -0.8307 0.5438
-0.3822 -0.2445 0.8911
-0.5377 -0.2819 0.7946
-0.5795 -0.5507 0.6007
0.0027 -0.035 0.9994
-0.3191 -0.7029 0.6357
0.0153 -0.999 0.0414
0.0935 -0.7629 0.6398
0.2073 -0.8623 0.462
0.5352 -0.1372 0.8335
0.3882 -0.6942 0.6062
0.2835 -0.7059 -0.6491
-0.0139 -0.9993 -0.035
-0.0935 -0.7629 -0.6398
-0.2073 -0.8623 -0.462
-0.5352 -0.1372 -0.8335
-0.3882 -0.6942 -0.6062
-0.2048 0.94 0.2728
-0.4972 0.8627 -0.0921
-0.4325 0.9016 -0.012
0.9741 0.2221 -0.0431
0.9269 0.2182 0.3053
0.936 0.1162 0.3322
0.5377 -0.2819 -0.7946
0.5795 -0.5507 -0.6007
-0.0027 -0.035 -0.9994
0.3569 -0.903 -0.2392
0.1195 -0.8307 -0.5438
0.3822 -0.2445 -0.8911
-0.9742 0.207 -0.0897
-0.9297 0.1906 -0.3151
-0.9857 0.033 -0.1651
-0.9297 0.1906 -0.3151
-0.9742 0.207 -0.0897
-0.8067 0.582 -0.1029
0.9742 0.207 0.0897
0.9297 0.1906 0.3151
0.9857 0.033 0.1651
0.9297 0.1906 0.3151
0.9742 0.207 0.0897
0.8067 0.582 0.1029
-0.2745 -0.8807 -0.3861
-0.0235 -0.9721 -0.2334
0.1595 -0.9678 0.195
0.0114 -0.9958 0.0911
0.1069 -0.8331 -0.5427
-0.1053 -0.9944 0.0039
0.2478 -0.9157 0.3164
0.2839 -0.9478 0.1454
0.4501 -0.8018 0.3931
0.9305 -0.1872 0.3148
0.7186 -0.4449 0.5346
0.5558 -0.7589 0.3394
-0.9305 -0.1872 -0.3148
-0.7186 -0.4449 -0.5346
-0.5558 -0.7589 -0.3394
-0.2478 -0.9157 -0.3164
-0.2839 -0.9478 -0.1454
-0.4501 -0.8018 -0.3931
0.8123 -0.0558 0.5806
0.8015 0.0807 0.5926
0.8067 -0.0114 0.5909
0.8067 -0.0114 0.5909
0.5268 -0.6638 0.531
0.8123 -0.0558 0.5806
-0.8067 -0.0114 -0.5909
-0.5268 -0.6638 -0.531
-0.8123 -0.0558 -0.5806
-0.8123 -0.0558 -0.5806
-0.8015 0.0807 -0.5926
-0.8067 -0.0114 -0.5909
-0.0158 0.0394 -0.9991
0.3967 0.0266 -0.9175
0.4555 -0.0843 -0.8863
0.2054 -0.1087 -0.9726
0.4555 -0.0843 -0.8863
0.3967 0.0266 -0.9175
0.0158 0.0394 0.9991
-0.3967 0.0266 0.9175
-0.4555 -0.0843 0.8863
-0.2054 -0.1085 0.9726
-0.4555 -0.0843 0.8863
-0.3967 0.0266 0.9175
0.197 0.8169 0.5421
0.2635 0.9175 0.298
0.3753 0.8976 0.2313
0.6243 0.4286 0.6532
0.3496 0.4663 0.8126
0.6204 0.2006 0.7582
-0.6243 0.4286 -0.6532
-0.3496 0.4663 -0.8126
-0.6204 0.2006 -0.7582
-0.197 0.8169 -0.5421
-0.2635 0.9175 -0.298
-0.396 0.8929 -0.2143
-0.4713 -0.0056 0.882
-0.6445 -0.0022 0.7646
-0.3688 0.7498 0.5493
-0.2531 -0.4619 0.8501
-0.6445 -0.0022 0.7646
-0.4713 -0.0056 0.882
0.9545 -0.2288 0.1914
0.6711 -0.3933 0.6284
0.8809 0.0152 0.473
0.2709 -0.9552 -0.1189
0.3924 -0.8952 0.2113
0.9753 -0.2065 -0.0779
0.995 -0.0186 -0.0979
0.9866 0.1307 -0.0975
0.936 0.1162 0.3322
0.936 0.1162 0.3322
0.9866 0.1307 -0.0975
0.9741 0.2221 -0.0431
-0.936 0.1162 -0.3322
-0.9866 0.1307 0.0975
-0.9741 0.2221 0.0431
-0.995 -0.0186 0.0979
-0.9866 0.1307 0.0975
-0.936 0.1162 -0.3322
-0.7489 0.086 0.6571
-0.6181 -0.0404 0.7851
-0.3035 0.7166 0.628
-0.2461 0.8514 0.4631
-0.0023 0.999 0.0448
-0.01 0.9999 0.0135
-0.9545 -0.2288 -0.1914
-0.6711 -0.3933 -0.6284
-0.9584 0.0246 -0.2844
-0.2709 -0.9552 0.1189
-0.3924 -0.8952 -0.2113
-0.9753 -0.2065 0.0779
0.326 0.7882 -0.5219
0.0258 0.9926 -0.119
0.4006 0.9109 -0.0991
0.0258 0.9926 -0.119
0.326 0.7882 -0.5219
-0.0854 0.6588 -0.7474
-0.3513 -0.5898 -0.7272
-0.1045 -0.48 -0.871
-0.5647 -0.0989 -0.8194
-0.5647 -0.0989 -0.8194
-0.6711 -0.3933 -0.6284
-0.3513 -0.5898 -0.7272
0.5647 -0.0989 0.8194
0.6711 -0.3933 0.6284
0.3513 -0.5898 0.7272
0.3513 -0.5898 0.7272
0.1045 -0.48 0.871
0.5647 -0.0989 0.8194
-0.2057 -0.3705 -0.9057
0.1754 -0.0809 -0.9812
-0.5015 0.2061 -0.8403
-0.3456 0.447 -0.8251
-0.2057 -0.3705 -0.9057
-0.5015 0.2061 -0.8403
0.1425 -0.9193 0.3669
-0.1111 -0.9797 -0.167
0.41 -0.9061 0.104
0.3946 -0.8635 0.3142
0.0646 -0.9369 -0.3436
-0.1111 -0.9797 -0.167
-0.3946 -0.8635 -0.3142
-0.0646 -0.9369 0.3436
0.1111 -0.9797 0.167
-0.1425 -0.9193 -0.3669
0.1111 -0.9797 0.167
-0.41 -0.9061 -0.104
-0.7766 0.5769 0.2532
-0.8067 0.582 -0.1029
-0.9742 0.207 -0.0897
-0.4233 0.9051 0.0398
-0.7766 0.5769 0.2532
-0.4433 0.8315 0.3349
0.4233 0.9051 -0.0398
0.7766 0.5769 -0.2532
0.4433 0.8315 -0.3349
0.7766 0.5769 -0.2532
0.8067 0.582 0.1029
0.9742 0.207 0.0897
0.5936 -0.09 -0.7997
0.7022 -0.1911 -0.6858
0.8122 -0.0613 -0.5801
0.8122 -0.0613 -0.5801
0.7489 0.086 -0.6571
0.5936 -0.09 -0.7997
0.7489 0.086 -0.6571
0.6181 -0.0404 -0.7851
0.3035 0.7166 -0.628
0.2461 0.8514 -0.4631
-0.015 0.9976 -0.0669
0.0111 0.9998 -0.015
-0.8831 -0.0255 0.4686
-0.688 0.0716 0.7222
-0.6578 -0.0609 0.7507
-0.1636 0.0602 0.9847
-0.8831 -0.0255 0.4686
-0.7993 -0.1015 0.5923
0.8831 -0.0255 -0.4686
0.688 0.0716 -0.7222
0.6578 -0.0609 -0.7507
0.1636 0.0602 -0.9847
0.8831 -0.0255 -0.4686
0.7993 -0.1015 -0.5923
0.0057 -0.0056 1
0.2961 0.0403 0.9543
-0.2186 0.0119 0.9757
-0.1801 0.3749 0.9094
-0.231 -0.1898 0.9543
0.1576 -0.3054 0.9391
-0.043 -0.1563 0.9868
-0.5478 -0.2326 0.8036
-0.4108 -0.3947 0.8219
-0.5478 -0.2326 0.8036
-0.043 -0.1563 0.9868
-0.6029 -0.1206 0.7887
0.043 -0.1563 -0.9868
0.5478 -0.2326 -0.8036
0.4108 -0.3947 -0.8219
0.5478 -0.2326 -0.8036
0.043 -0.1563 -0.9868
0.6029 -0.1206 -0.7887
-0.5015 0.2061 -0.8403
-0.693 0.4176 -0.5877
-0.3456 0.447 -0.8251
0.0258 0.9926 -0.119
-0.0854 0.6588 -0.7474
-0.3037 0.9189 -0.2516
0.7766 0.5769 -0.2532
0.939 0.207 -0.2745
0.8522 0.1906 -0.4872
0.9346 0.0245 -0.3548
0.8522 0.1906 -0.4872
0.939 0.207 -0.2745
-0.9346 0.0245 0.3548
-0.8522 0.1906 0.4872
-0.939 0.207 0.2745
-0.7766 0.5769 0.2532
-0.939 0.207 0.2745
-0.8522 0.1906 0.4872
-0.8122 -0.0613 0.5801
-0.7489 0.086 0.6571
-0.5936 -0.09 0.7997
-0.5936 -0.09 0.7997
-0.7022 -0.1911 0.6858
-0.8122 -0.0613 0.5801
0.8108 -0.0929 -0.5779
0.2531 -0.4619 -0.8501
0.4121 -0.4758 -0.7771
0.9753 -0.2065 -0.0779
0.8108 -0.0929 -0.5779
0.4297 -0.7723 -0.4678
-0.9753 -0.2065 0.0779
-0.8108 -0.0929 0.5779
-0.4297 -0.7723 0.4678
-0.8108 -0.0929 0.5779
-0.2531 -0.4619 0.8501
-0.4121 -0.4758 0.7771
-0.8727 0.1794 -0.454
-0.4021 -0.0734 -0.9127
-0.934 0.0109 -0.357
-0.7611 0.0371 -0.6476
-0.934 0.0109 -0.357
-0.9108 -0.0783 -0.4053
-0.9871 0.1289 0.0953
-0.9742 0.207 -0.0897
-0.9857 0.033 -0.1651
-0.9891 -0.065 0.132
-0.9871 0.1289 0.0953
-0.9857 0.033 -0.1651
0.9891 -0.065 -0.132
0.9871 0.1289 -0.0953
0.9857 0.033 0.1651
0.9871 0.1289 -0.0953
0.9742 0.207 0.0897
0.9857 0.033 0.1651
0.8727 0.1794 0.454
0.4021 -0.0734 0.9127
0.934 0.0109 0.357
0.7611 0.0371 0.6476
0.934 0.0109 0.357
0.9108 -0.0783 0.4053
-0.3035 0.7166 0.628
-0.5629 0.0146 0.8264
-0.7489 0.086 0.6571
-0.5936 -0.09 0.7997
-0.7489 0.086 0.6571
-0.5629 0.0146 0.8264
0.9575 0.0143 -0.2882
0.8108 -0.0929 -0.5779
0.9982 -0.0239 -0.0556
0.9942 0.0327 0.1027
0.9962 0.0014 -0.0868
0.9982 -0.0239 -0.0556
0.8576 -0.3371 0.3884
0.9271 0.0093 0.3746
0.5839 0.0031 0.8118
0.6926 0.0993 0.7145
0.5839 0.0031 0.8118
0.9271 0.0093 0.3746
-0.8576 -0.3371 -0.3884
-0.9271 0.0093 -0.3746
-0.5839 0.0031 -0.8118
-0.6926 0.0993 -0.7145
-0.5839 0.0031 -0.8118
-0.9271 0.0093 -0.3746
0.5936 -0.09 -0.7997
0.7489 0.086 -0.6571
0.5629 0.0146 -0.8264
0.3035 0.7166 -0.628
0.5629 0.0146 -0.8264
0.7489 0.086 -0.6571
0.7022 -0.1911 -0.6858
0.6878 -0.6299 -0.3609
0.5771 -0.5355 -0.6166
0.3644 -0.9302 -0.0433
0.2922 -0.9234 -0.2488
0.6878 -0.6299 -0.3609
-0.8911 -0.1045 0.4415
-0.9884 -0.12 0.0932
-0.9099 -0.2132 0.3559
-0.9135 0.02 0.4063
-0.9884 -0.12 0.0932
-0.8911 -0.1045 0.4415
0.9135 0.02 -0.4063
0.9884 -0.12 -0.0932
0.8911 -0.1045 -0.4415
0.8911 -0.1045 -0.4415
0.9884 -0.12 -0.0932
0.9099 -0.2132 -0.3559
0.253 -0.0714 0.9648
0.1045 -0.48 0.871
0.0484 -0.0752 0.996
0.253 -0.0714 0.9648
0.5647 -0.0989 0.8194
0.1045 -0.48 0.871
-0.253 -0.0714 -0.9648
-0.5647 -0.0989 -0.8194
-0.1045 -0.48 -0.871
-0.253 -0.0714 -0.9648
-0.1045 -0.48 -0.871
-0.0484 -0.0752 -0.996
-0.7022 -0.1911 0.6858
-0.6878 -0.6299 0.3609
-0.5771 -0.5355 0.6166
-0.3644 -0.9302 0.0433
-0.2922 -0.9234 0.2488
-0.6878 -0.6299 0.3609
-0.0152 -0.9995 0.029
0.0015 -0.9998 0.0217
0.0568 -0.6693 0.7408
0.0015 -0.9998 0.0217
0.0153 -0.999 0.0414
-0.3191 -0.7029 0.6357
0.0153 -0.999 0.0414
0.0148 -0.9997 0.0168
0.0671 -0.6421 0.7637
0.5352 -0.1372 0.8335
0.2073 -0.8623 0.462
0.0671 -0.6421 0.7637
-0.5352 -0.1372 -0.8335
-0.2073 -0.8623 -0.462
-0.0671 -0.6421 -0.7637
-0.0139 -0.9993 -0.035
-0.0133 -0.9998 -0.0159
-0.0671 -0.6421 -0.7637
0.4713 -0.0056 -0.882
0.6445 -0.0022 -0.7646
0.3688 0.7498 -0.5493
0.2531 -0.4619 -0.8501
0.6445 -0.0022 -0.7646
0.4713 -0.0056 -0.882
-0.4234 0.1805 0.8878
-0.4275 0.2346 0.8731
-0.7641 0.2229 0.6054
0.2212 0.9666 0.1296
0.2208 0.947 -0.2332
0.1432 0.9477 -0.2852
0.314 0.906 -0.2837
0.2952 0.7906 -0.5364
0.1974 0.9019 -0.3842
0.3936 0.5579 -0.7306
0.3425 0.4493 -0.8251
0.4638 0.2006 -0.8629
-0.2048 0.94 0.2728
-0.139 0.9481 0.286
-0.4972 0.8627 -0.0921
0.4234 0.1805 -0.8878
0.4275 0.2346 -0.8731
0.6536 0.2479 -0.7151
0.3464 0.9182 0.1922
0.3587 0.8332 0.4208
0.7544 0.52 0.4006
0.7544 0.52 0.4006
0.4953 0.4482 0.7442
0.4587 0.2034 0.865
-0.3443 0.9191 -0.1915
-0.3587 0.8332 -0.4208
-0.7544 0.52 -0.4006
-0.7544 0.52 -0.4006
-0.4953 0.4482 -0.7442
-0.4587 0.2034 -0.865
0.0076 1 -0.0016
-0.3384 0.7811 -0.5247
0.028 0.999 -0.0361
0.0076 1 -0.0016
0.028 0.999 -0.0361
-0.0089 0.9999 -0.0045
-0.197 0.8169 -0.5421
-0.0565 0.8305 -0.5541
-0.1964 0.5221 -0.83
-0.1964 0.5221 -0.83
-0.0708 0.4674 -0.8812
-0.0983 0.1906 -0.9767
0.0105 0.9999 0.0054
0.3517 0.737 0.5772
0.5652 0.8229 -0.0588
0.3619 0.8784 0.3122
0.0105 0.9999 0.0054
0.0068 0.999 0.0446
0.5615 0.009 -0.8274
0.3933 -0.74 -0.5456
0.1696 -0.5689 -0.8048
0.3933 -0.74 -0.5456
0.8862 -0.3549 -0.2977
-0.0516 -0.3351 -0.9408
0.197 0.8169 0.5421
0.0565 0.8305 0.5541
0.1964 0.5221 0.83
0.1964 0.5221 0.83
0.0708 0.4674 0.8812
0.0983 0.1906 0.9767
0.1467 0.0508 -0.9879
0.3807 0.0244 -0.9244
-0.3057 -0.0191 -0.9519
0.0845 -0.0029 0.9964
0.4593 0.0048 0.8882
0.253 -0.0714 0.9648
0.4593 0.0048 0.8882
0.0845 -0.0029 0.9964
0.1276 0.7499 0.6492
-0.4593 0.0048 -0.8882
-0.0845 -0.0029 -0.9964
-0.1276 0.7499 -0.6492
-0.0845 -0.0029 -0.9964
-0.4593 0.0048 -0.8882
-0.253 -0.0714 -0.9648
-0.591 0.0025 0.8067
-0.962 0.0253 0.272
-0.5663 0 0.8242
-0.9891 -0.065 0.132
-0.9376 -0.3119 0.1535
-0.9346 0.0245 0.3548
-0.9346 0.0245 0.3548
-0.9871 0.1289 0.0953
-0.9891 -0.065 0.132
0.9346 0.0245 -0.3548
0.9871 0.1289 -0.0953
0.9891 -0.065 -0.132
0.9891 -0.065 -0.132
0.9376 -0.3119 -0.1535
0.9346 0.0245 -0.3548
0.4006 0.9109 -0.0991
0.0258 0.9926 -0.119
0.0656 0.9978 0.001
0.0656 0.9978 0.001
0.3956 0.911 0.1166
0.4006 0.9109 -0.0991
-0.0923 -0.6583 -0.7471
0.4225 -0.6586 -0.6227
0.0079 -0.9999 -0.0096
0.4581 -0.8343 -0.3066
0.0079 -0.9999 -0.0096
0.2742 -0.8378 -0.4722
-0.8868 -0.1638 0.4322
-0.7117 0.0768 0.6983
-0.8943 -0.0496 0.4447
-0.8868 -0.1638 0.4322
-0.8943 -0.0496 0.4447
-0.9482 0.3159 0.0334
0.0068 0.999 0.0446
-0.0822 0.6861 0.7229
0.3619 0.8784 0.3122
-0.0822 0.6861 0.7229
0.294 0.8382 0.4593
0.4695 0.1431 0.8712
-0.9741 0.2221 0.0431
-0.9269 0.2182 -0.3053
-0.936 0.1162 -0.3322
0.2763 0.9586 0.0692
0.4111 0.9112 0.0251
0.2212 0.9666 0.1296
-0.9271 0.0093 -0.3746
-0.8576 -0.3371 -0.3884
-0.9294 -0.309 -0.2019
-0.4727 -0.4607 -0.7512
-0.41 -0.9061 -0.104
-0.8576 -0.3371 -0.3884
0.4727 -0.4607 0.7512
0.41 -0.9061 0.104
0.8576 -0.3371 0.3884
0.9271 0.0093 0.3746
0.8576 -0.3371 0.3884
0.9294 -0.309 0.2019
0.8979 -0.1015 0.4283
0.9564 -0.0255 0.2909
0.3491 0.0602 0.9352
0.9705 -0.0585 0.2339
0.8121 0.075 0.5787
0.9564 -0.0255 0.2909
-0.9705 -0.0585 -0.2339
-0.8121 0.075 -0.5787
-0.9564 -0.0255 -0.2909
-0.8979 -0.1015 -0.4283
-0.9564 -0.0255 -0.2909
-0.3491 0.0602 -0.9352
0.1064 -0.982 -0.156
0.0199 -0.9801 -0.1977
0.0027 -0.952 -0.3062
0.0199 -0.9801 -0.1977
0.0235 -0.9721 0.2334
-0.2049 -0.8828 0.4227
-0.0089 0.9999 -0.0045
-0.3517 0.737 -0.5772
-0.5651 0.8229 0.0589
-0.3619 0.8784 -0.3122
-0.0089 0.9999 -0.0045
0.028 0.999 -0.0361
0.1672 -0.8495 0.5003
0.115 -0.6358 0.7633
0.0353 -0.4739 0.8799
0.0871 -0.1748 0.9807
0.0353 -0.4739 0.8799
0.115 -0.6358 0.7633
-0.0871 -0.1748 -0.9807
-0.0353 -0.4739 -0.8799
-0.115 -0.6358 -0.7633
-0.1672 -0.8495 -0.5003
-0.115 -0.6358 -0.7633
-0.0353 -0.4739 -0.8799
-0.5972 0.5713 0.563
-0.6061 0.4548 0.6526
-0.7076 0.202 0.6772
-0.4433 0.8315 0.3349
-0.314 0.906 0.2837
-0.4233 0.9051 0.0398
-0.4592 -0.8339 0.3061
-0.0152 -0.9995 0.029
-0.2742 -0.8378 0.4722
0.0568 -0.6693 0.7408
-0.4225 -0.6586 0.6227
-0.0152 -0.9995 0.029
-0.0013 0.705 0.7092
-0.2572 0.71 0.6555
-0.1455 0.6216 0.7697
0.3688 0.7498 -0.5493
0.1305 0.7499 -0.6486
0.2976 -0.0123 -0.9546
0.7043 0.1264 -0.6986
0.6594 0.7074 -0.2545
0.8639 0.3295 -0.3809
-0.551 0.7498 0.3663
-0.3688 0.7498 0.5493
-0.6445 -0.0022 0.7646
0.6486 0.7498 0.1305
0.6492 0.7498 -0.1276
0.9962 0.0014 -0.0868
-0.6594 0.7074 0.2545
-0.7114 0.7028 -0.0008
-0.9448 0.3218 0.0616
-0.1064 -0.982 0.156
-0.0199 -0.9801 0.1977
-0.0027 -0.952 0.3062
-0.0199 -0.9801 0.1977
-0.0235 -0.9721 -0.2334
0.2049 -0.8828 -0.4227
-0.015 0.9976 -0.0669
0.2461 0.8514 -0.4631
-0.1442 0.6533 -0.7432
-0.015 0.9976 -0.0669
0.0599 0.8583 -0.5096
-0.0801 0.7634 -0.6409
0.5972 0.5713 -0.563
0.6061 0.4548 -0.6526
0.7076 0.202 -0.6772
0.4433 0.8315 -0.3349
0.314 0.906 -0.2837
0.4233 0.9051 -0.0398
-0.4476 -0.1336 -0.8842
-0.3321 -0.3242 -0.8858
-0.0719 -0.2343 -0.9695
0.1069 -0.8331 -0.5427
-0.3321 -0.3242 -0.8858
-0.1053 -0.9944 0.0039
-0.1829 0.6231 -0.7604
-0.2732 0.7036 -0.656
0.0013 0.705 -0.7092
0.1276 0.7499 0.6492
0.3663 0.7498 0.551
0.4593 0.0048 0.8882
0.9705 -0.0585 0.2339
0.6699 -0.2712 0.6911
0.5736 -0.0904 0.8141
0.6699 -0.2712 0.6911
0.4727 -0.4607 0.7512
0.5736 -0.0904 0.8141
-0.6699 -0.2712 -0.6911
-0.4727 -0.4607 -0.7512
-0.5736 -0.0904 -0.8141
-0.9705 -0.0585 -0.2339
-0.6699 -0.2712 -0.6911
-0.5736 -0.0904 -0.8141
0.0148 -0.9997 0.0168
0.4581 -0.8343 -0.3066
0.3035 -0.8631 0.4037
0.5268 -0.6638 0.531
0.0671 -0.6421 0.7637
0.0148 -0.9997 0.0168
-0.7833 0.2414 -0.5729
-0.5482 0.2405 -0.801
-0.5708 0.2275 -0.7889
-0.5482 0.2405 -0.801
-0.5708 0.1657 -0.8042
-0.5708 0.2275 -0.7889
0.5782 0.612 0.5395
0.6577 0.7018 0.2738
0.5027 0.7018 0.5048
-0.5493 0.7498 -0.3688
-0.6486 0.7498 -0.1305
-0.9584 0.0246 -0.2844
0.7833 0.2414 0.5729
0.5482 0.2405 0.801
0.5708 0.2275 0.7889
0.5482 0.2405 0.801
0.5708 0.1657 0.8042
0.5708 0.2275 0.7889
-0.0133 -0.9998 -0.0159
-0.4592 -0.8339 0.3061
-0.3035 -0.8631 -0.4037
-0.5268 -0.6638 -0.531
-0.0671 -0.6421 -0.7637
-0.0133 -0.9998 -0.0159
-0.01 0.9999 0.0135
-0.3035 0.7166 0.628
-0.2461 0.8514 0.4631
-0.3035 0.7166 0.628
-0.01 0.9999 0.0135
-0.5651 0.8229 0.0589
0.6594 0.7074 -0.2545
0.9603 0.2788 -0.0086
0.8639 0.3295 -0.3809
0.4712 0.8769 -0.0951
0.314 0.906 -0.2837
0.3964 0.8839 -0.2482
0.8486 0.0179 -0.5287
0.9608 -0.0086 0.2771
0.8834 0.0152 -0.4683
0.7611 0.0371 0.6476
0.8727 0.1794 0.454
0.934 0.0109 0.357
0.8727 0.1794 0.454
0.7611 0.0371 0.6476
0.7191 0.4561 0.5243
-0.7611 0.0371 -0.6476
-0.8727 0.1794 -0.454
-0.934 0.0109 -0.357
-0.8727 0.1794 -0.454
-0.7611 0.0371 -0.6476
-0.7191 0.4561 -0.5243
0.6577 0.7018 0.2738
0.5782 0.612 0.5395
0.6893 0.6699 0.2759
0.3753 0.8976 0.2313
0.3464 0.9182 0.1922
0.6893 0.6699 0.2759
0.194 0.4669 -0.8628
0.6792 -0.1348 -0.7215
0.1754 -0.0809 -0.9812
0.1696 -0.5689 -0.8048
0.3486 0.0198 -0.9371
0.5615 0.009 -0.8274
0.7509 -0.6326 0.1898
0.2839 -0.9478 0.1454
0.3644 -0.9302 -0.0433
0.9554 -0.2217 0.1949
0.7509 -0.6326 0.1898
0.8069 -0.5821 -0.1004
-0.9554 -0.2217 -0.1949
-0.7509 -0.6326 -0.1898
-0.8069 -0.5821 0.1004
-0.7509 -0.6326 -0.1898
-0.2839 -0.9478 -0.1454
-0.3644 -0.9302 0.0433
-0.015 0.9976 -0.0669
-0.0801 0.7634 -0.6409
-0.3384 0.7811 -0.5247
-0.0801 0.7634 -0.6409
-0.0201 0.1723 -0.9848
-0.5953 0.3317 -0.7318
-0.5029 0.8601 0.0857
-0.314 0.906 0.2837
-0.396 0.8818 0.2562
-0.6594 0.7074 0.2545
-0.9448 0.3218 0.0616
-0.8399 0.367 0.3999
0.684 -0.0523 -0.7276
0.4225 -0.6586 -0.6227
0.6618 -0.0271 -0.7491
0.6618 -0.0271 -0.7491
0.7146 0.0796 -0.695
0.684 -0.0523 -0.7276
0.2961 0.0403 0.9543
0.0057 -0.0056 1
0.5621 0.0057 0.8271
-0.4724 -0.291 -0.832
-0.5015 0.2061 -0.8403
-0.1739 0.4032 -0.8984
-0.1739 0.4032 -0.8984
-0.0516 -0.3351 -0.9408
-0.4724 -0.291 -0.832
-0.3759 0.328 0.8667
0.0795 0.7572 0.6483
-0.1019 0.8447 0.5254
-0.4018 0.1744 0.899
-0.3759 0.328 0.8667
-0.1019 0.8447 0.5254
0.6085 0.1971 0.7687
0.294 0.8382 0.4593
0.5953 0.3317 0.7318
0.5953 0.3317 0.7318
0.294 0.8382 0.4593
0.0795 0.7572 0.6483
-0.6618 -0.0271 0.7491
-0.3662 0.0564 0.9288
-0.7146 0.0796 0.695
-0.7012 0.083 0.7081
-0.6618 -0.0271 0.7491
-0.7146 0.0796 0.695
-0.314 0.906 0.2837
-0.2952 0.7906 0.5364
-0.1974 0.9019 0.3842
-0.3936 0.5579 0.7306
-0.3425 0.4493 0.8251
-0.4638 0.2006 0.8629
-0.9989 0.0206 0.0425
-0.9884 -0.12 0.0932
-0.9135 0.02 0.4063
-0.9524 0.2922 0.0866
-0.9989 0.0206 0.0425
-0.9135 0.02 0.4063
0.9989 0.0206 -0.0425
0.9884 -0.12 -0.0932
0.9135 0.02 -0.4063
0.9524 0.2922 -0.0866
0.9989 0.0206 -0.0425
0.9135 0.02 -0.4063
-0.1193 -0.9925 -0.0264
0.1064 -0.982 -0.156
-0.1939 -0.9456 0.2614
-0.1193 -0.9925 -0.0264
-0.5795 -0.5507 0.6007
-0.5377 -0.2819 0.7946
0.9739 -0.222 -0.0474
0.9872 0.065 -0.1455
0.9508 -0.0925 0.2956
0.869 0.4234 0.2559
0.9508 -0.0925 0.2956
0.9947 -0.0993 0.0277
0.2745 -0.8807 0.3861
-0.0114 -0.9958 -0.0911
0.1053 -0.9944 -0.0039
0.2745 -0.8807 0.3861
0.1053 -0.9944 -0.0039
0.3321 -0.3242 0.8858
-0.1661 -0.3758 0.9117
-0.5448 -0.0785 0.8349
0.1127 -0.0315 0.9931
0.2347 0.4341 0.8698
-0.1661 -0.3758 0.9117
0.3044 0.0205 0.9523
