3033
0.4429 0.4851 0.6565
0.3722 0.4126 0.8753
0.3559 0.4859 0.8475
0.9429 0.4851 0.6565
0.8722 0.4126 0.8753
0.8559 0.4859 0.8475
0.6019 0.3294 0.8206
0.4755 0.3294 0.728
0.5419 0.2476 0.7236
0.1515 0.6583 0.7089
0.0807 0.6585 0.5532
0.1117 0.4861 0.7696
0.0753 0.1978 0.6998
0.1035 0.3371 0.7808
-0.0258 0.3371 0.6891
0.6139 0.4849 0.7286
0.4476 0.4124 0.6907
0.6035 0.3371 0.7808
0.38 0.6967 0.2968
0.5639 0.6948 0.275
0.5425 0.8733 0.1996
-0.12 0.6967 0.2968
0.0639 0.6948 0.275
-0.0433 0.8733 0.1997
0.2853 0.0005 1.1867
0.3239 0.0211 1.0222
0.3174 0.1704 1.1222
-0.1147 0.2476 0.8932
0.0024 0.1705 0.6868
-0.0245 0.3294 0.728
0.6486 0.1706 0.8842
0.6338 0.0006 0.7266
0.7011 0.0211 1.0688
0.1267 0.0107 0.557
-0.0784 0.0104 0.5369
0.5 0.0104 0
0.2809 0.4842 1.1449
0.2611 0.3362 1.3158
0.2611 0.6567 0.9415
0.7809 0.4842 1.1449
0.7611 0.3362 1.3158
0.7611 0.6567 0.9415
0.7492 0.0005 1.2502
0.7504 0.2476 1.378
0.7302 0.2476 1.3134
0.6515 0.6583 0.7089
0.5807 0.6585 0.5532
0.6117 0.4861 0.7696
-0.1798 0.0553 1.0257
0.2611 0.0553 1.2585
0.7611 0.0553 1.2585
0.8061 0.3366 1.1687
0.7813 0.3363 1.2624
0.7809 0.4842 1.1449
0.3061 0.3366 1.1687
0.2813 0.3363 1.2624
0.2809 0.4842 1.1449
0.2611 0.0553 1.2585
0.4068 0.0561 0.633
0.6251 0.0562 0.665
-0.0332 0.4849 0.6268
0.0212 0.6375 0.4563
-0.1123 0.6381 0.5875
0.4668 0.4849 0.6268
0.5212 0.6389 0.471
0.3877 0.6381 0.5875
0.2268 0.6966 0.3011
0.2611 0.8464 0.2648
0.3212 0.7259 0.267
0.7268 0.6966 0.3011
0.7611 0.8195 0.268
0.8212 0.7259 0.267
0.3244 0.3367 1.0689
0.281 0.3362 1.2593
0.2824 0.1965 1.2782
-0.0917 0.056 0.5325
0.4083 0.056 0.5325
0.1159 0.0555 0.593
0.1019 0.3294 0.8206
-0.0245 0.3294 0.728
0.0419 0.2476 0.7236
0.2492 0.0005 1.2502
0.2504 0.2476 1.378
0.2302 0.2476 1.3134
0.9648 0.1978 0.6718
0.891 0.2647 0.8245
0.9216 0.0574 0.6338
0.781 0.3362 1.2593
0.7806 0.4842 1.141
0.7611 0.6431 0.9922
0.5212 0.4862 0.6525
0.6117 0.4861 0.7696
0.5807 0.6585 0.5532
0.2509 0.4861 1.2307
0.2713 0.4861 1.2207
0.2713 0.6581 1.0093
0.2718 0.1967 1.3248
0.2813 0.3363 1.2624
0.3061 0.3366 1.1687
0.0752 0.1977 0.7035
0.1143 0.0556 0.67
-0.0286 0.141 0.6389
0.4996 0.2643 0.678
0.5752 0.1977 0.7035
0.4714 0.141 0.6389
0.7718 0.1967 1.3248
0.7813 0.3363 1.2624
0.8061 0.3366 1.1687
0.7509 0.4861 1.2307
0.7713 0.4861 1.2206
0.7713 0.6581 1.0093
0.0212 0.4862 0.6525
0.1117 0.4861 0.7696
0.0807 0.6585 0.5532
0.8174 0.1704 1.1222
0.7926 0.2476 1.2817
0.7853 0.0005 1.1867
0.8207 0.0097 0.8914
0.7611 0.0103 1.0741
0.5 0.0104 0
0.2854 0.0564 1.1763
0.3316 0.0573 0.9723
0.3161 0.1979 1.0887
0.5753 0.1978 0.6998
0.6035 0.3371 0.7808
0.4742 0.3371 0.6891
-0.0524 0.4124 0.6907
0.1139 0.4849 0.7286
0.0502 0.5489 0.5782
0.281 0.3362 1.2593
0.2806 0.4842 1.141
0.2611 0.6431 0.9922
0.7824 0.1965 1.2782
0.7611 0.3361 1.3127
0.7611 0.1966 1.3446
0.7084 0.1979 1.1333
0.7025 0.0567 1.0313
0.7377 0.0595 1.2209
0.1098 0.702 0.2897
0.2022 0.8595 0.3397
0.0349 0.8595 0.2573
0.4266 0.702 0.2733
0.5074 0.8595 0.2545
0.2906 0.8595 0.3432
0.8486 0.6854 0.2937
0.8117 0.6545 0.8353
0.7611 0.6567 0.9415
0.9887 0.6589 0.4622
0.9429 0.4851 0.6565
0.9071 0.6529 0.5631
0.4887 0.6589 0.4622
0.4429 0.4851 0.6565
0.4071 0.6529 0.5631
0.3486 0.6854 0.2937
0.3117 0.6545 0.8353
0.2611 0.6567 0.9415
-0.12 0.6967 0.2968
-0.1543 0.6617 0.7513
0.0639 0.6948 0.275
0.7509 0.6581 1.0176
0.7142 0.6699 0.8627
0.7318 0.486 1.1857
0.291 0.486 1.1585
0.3079 0.6581 0.912
0.2713 0.6581 1.0093
0.38 0.6967 0.2968
0.3455 0.6711 0.7099
0.5639 0.6948 0.275
0.6013 0.8464 0.2098
0.6648 0.8464 0.2382
0.6506 0.7259 0.2519
0.1013 0.8464 0.2098
0.1648 0.8464 0.2382
0.1506 0.7259 0.2519
0.0827 0.8735 0.2328
0.1509 0.6967 0.3162
0.1784 0.8733 0.2513
0.6187 0.8733 0.2224
0.6509 0.6967 0.3162
0.6784 0.8733 0.2513
0.2025 0.6559 0.8448
0.2043 0.4848 1.0519
0.1723 0.4859 0.8985
-0.0004 0.2643 0.678
0.0752 0.1977 0.7035
-0.0286 0.141 0.6389
0.1938 0.0097 0.8858
0.1267 0.0107 0.557
0.5 0.0104 0
0.2011 0.0211 1.0688
0.2011 0.1705 1.1847
0.1486 0.1706 0.8842
0.8858 0.2644 0.8549
0.9996 0.2643 0.678
0.9714 0.141 0.6389
0.8103 0.1969 1.1611
0.8202 0.0553 1.0257
0.7847 0.0717 1.2234
0.3103 0.1969 1.1611
0.3202 0.0553 1.0257
0.2847 0.0717 1.2234
0.3858 0.2644 0.8549
0.4996 0.2643 0.678
0.4714 0.141 0.6389
0.7025 0.6559 0.8448
0.7043 0.4848 1.0519
0.6723 0.4859 0.8985
0.5665 0.3371 0.7175
0.663 0.3374 0.9421
0.6458 0.2644 0.9113
0.2084 0.1979 1.1333
0.2025 0.0567 1.0313
0.2377 0.0595 1.2209
0.4083 0.056 0.5325
0.2854 0.0564 1.1763
0.2006 0.056 0.9054
0.3486 0.6854 0.2937
0.218 0.6557 0.8896
0.1913 0.6832 0.3367
0.0953 0.4851 0.6917
0.0536 0.653 0.4925
0.1285 0.659 0.577
0.6938 0.0097 0.8858
0.6267 0.0107 0.557
0.5 0.0104 0
0.6463 0.2476 0.952
0.5419 0.2476 0.7236
0.5681 0.1033 0.6898
0.5953 0.4851 0.6917
0.5536 0.653 0.4925
0.6285 0.659 0.577
0.8486 0.6854 0.2937
0.718 0.6557 0.8896
0.6913 0.6832 0.3367
0.4755 0.3294 0.728
0.3682 0.3294 0.9179
0.3853 0.2476 0.8932
0.2509 0.4861 1.2307
0.2611 0.3294 1.3631
0.2713 0.4861 1.2207
-0.2849 0.6374 0.844
-0.1646 0.6375 0.7343
0.188 0.6375 0.7571
0.7415 0.6431 0.9694
0.7151 0.6374 0.844
0.7129 0.4851 1.0388
0.9102 0.6584 0.5939
0.8579 0.4871 0.8831
0.9244 0.4861 0.7255
0.8134 0.3292 1.1376
0.7926 0.2476 1.2817
0.8174 0.1704 1.1222
0.2129 0.4851 1.0388
0.2414 0.3362 1.2793
0.2415 0.6431 0.9694
0.3354 0.6375 0.7343
-0.2849 0.6374 0.844
0.188 0.6375 0.7571
0.7611 0.0553 1.2585
0.2611 0.0553 1.2585
0.7005 0.0549 0.9054
0.7121 0.3368 1.1431
0.7398 0.1967 1.3039
0.7082 0.1979 1.1387
0.6862 0.702 0.3378
0.8062 0.8595 0.3351
0.7466 0.8595 0.3532
0.5615 0.8946 0.2846
0.5865 0.9879 0.2914
0.4525 0.9879 0.2778
0.5419 0.2476 0.7236
0.6463 0.2476 0.952
0.6019 0.3294 0.8206
0.7108 0.3292 1.1821
0.7504 0.2476 1.378
0.7318 0.486 1.1857
0.4648 0.1978 0.6718
0.391 0.2647 0.8245
0.4215 0.0574 0.6338
0.7006 0.056 0.9054
0.4083 0.056 0.5325
0.7854 0.0564 1.1763
0.7854 0.0564 1.1763
0.4083 0.056 0.5325
0.8223 0.0554 0.8914
0.7854 0.0564 1.1763
0.8316 0.0573 0.9723
0.8161 0.1979 1.0887
0.5 0.0104 0
0.9216 0.0104 0.5369
0.8207 0.0097 0.8914
0.8174 0.1704 1.1222
0.8765 0.1705 0.8904
0.8682 0.3294 0.9179
0.2108 0.3292 1.1821
0.2504 0.2476 1.378
0.2318 0.486 1.1857
0.1117 0.4861 0.7696
0.1705 0.4871 0.9368
0.1515 0.6583 0.7089
0.127 0.055 0.5512
0.2611 0.0553 1.2585
-0.0978 0.0541 0.5954
0.2373 0.0553 1.2032
0.2068 0.0718 1.1174
0.2082 0.1979 1.1387
0.4045 0.0212 0.6686
0.4967 0.0052 0.5712
0.4429 0.1033 0.6971
0.3765 0.1705 0.8904
0.3174 0.1704 1.1222
0.3239 0.0211 1.0222
0.2728 0.6921 0.3859
0.2509 0.6581 1.0176
0.3143 0.6693 0.8264
0.1515 0.6583 0.7089
0.0639 0.6948 0.275
0.0212 0.6586 0.5111
0.1706 0.264 0.9873
0.2025 0.0567 1.0313
0.1987 0.2639 1.119
0.2006 0.3367 1.1179
0.1832 0.4847 0.9579
0.1706 0.264 0.9873
0.6515 0.6583 0.7089
0.5639 0.6948 0.275
0.5212 0.6586 0.5111
0.7142 0.6699 0.8627
0.7509 0.6581 1.0176
0.7728 0.6921 0.3859
0.3403 0.9879 0.3353
0.3062 0.8887 0.3623
0.3593 0.8946 0.3255
-0.0203 0.8946 0.2758
0.0615 0.9879 0.2817
-0.0976 0.9879 0.2966
0.8877 0.6381 0.5875
0.8801 0.485 0.7873
0.9668 0.4849 0.6268
0.8265 0.2639 1.0687
0.8316 0.0573 0.9723
0.8525 0.3368 0.9546
0.1983 0.1405 1.1129
0.1941 0.0555 1.0155
0.163 0.3374 0.9421
0.1723 0.4859 0.8985
0.2121 0.3368 1.1431
0.163 0.3374 0.9421
0.65 0.1985 0.8587
0.663 0.3374 0.9421
0.6943 0.0595 1.034
0.2611 0.0553 1.2585
0.6251 0.0562 0.665
0.7005 0.0549 0.9054
0.3712 0.4103 0.9182
0.3682 0.3294 0.9179
0.4755 0.3294 0.728
0.4102 0.6584 0.5939
0.3579 0.4871 0.8831
0.4244 0.4861 0.7255
0.8212 0.7259 0.267
0.784 0.8464 0.26
0.8643 0.8464 0.2241
0.849 0.8735 0.2646
0.7724 0.8733 0.27
0.7962 0.7012 0.345
0.3265 0.2639 1.0687
0.3316 0.0573 0.9723
0.3525 0.3368 0.9546
0.3877 0.6381 0.5875
0.3801 0.485 0.7873
0.4668 0.4849 0.6268
0.7466 0.9948 0.3368
0.7322 0.8915 0.3661
0.8062 0.8915 0.3493
0.9024 0.9879 0.2966
0.88 0.8946 0.3122
0.9797 0.8946 0.2758
0.791 0.486 1.1585
0.7718 0.2476 1.3663
0.8134 0.3292 1.1376
0.7509 0.4861 1.2307
0.7611 0.3294 1.3631
0.7713 0.4861 1.2206
0.0212 0.4851 0.6156
0.0536 0.653 0.4925
0.0953 0.4851 0.6917
0.1088 0.4125 0.7688
0.163 0.3374 0.9421
0.0665 0.3371 0.7175
0.6088 0.4125 0.7688
0.663 0.3374 0.9421
0.5665 0.3371 0.7175
0.5212 0.4851 0.6156
0.5536 0.653 0.4925
0.5953 0.4851 0.6917
0.3174 0.1704 1.1222
0.2926 0.2476 1.2817
0.2853 0.0005 1.1867
0.291 0.486 1.1585
0.2718 0.2476 1.3663
0.3134 0.3292 1.1376
0.3207 0.0097 0.8914
0.2611 0.0103 1.0741
0.5 0.0104 0
0.3317 0.0052 0.9969
0.4045 0.0212 0.6686
0.3765 0.1705 0.8904
0.6765 0.5501 0.8486
0.6633 0.3373 0.9371
0.6832 0.4847 0.9579
0.6706 0.264 0.9873
0.7025 0.0567 1.0313
0.6987 0.2639 1.119
0.7049 0.4104 1.1613
0.6718 0.4104 1.03
0.7108 0.3292 1.1821
0.7011 0.0211 1.0688
0.7011 0.1705 1.1847
0.6486 0.1706 0.8842
0.1614 0.3294 0.9762
0.1486 0.1706 0.8842
0.2011 0.1705 1.1847
0.2049 0.4104 1.1613
0.1718 0.4104 1.03
0.2108 0.3292 1.1821
0.9429 0.4851 0.6565
0.8559 0.4859 0.8475
0.9071 0.6529 0.5631
0.7611 0.6567 0.9415
0.7901 0.6517 0.9197
0.7809 0.4842 1.1449
0.4429 0.4851 0.6565
0.3559 0.4859 0.8475
0.4071 0.6529 0.5631
0.2611 0.6567 0.9415
0.2901 0.6517 0.9197
0.2809 0.4842 1.1449
0.3211 0.8733 0.2515
0.2724 0.8733 0.27
0.2728 0.6921 0.3859
0.3212 0.7259 0.267
0.2611 0.8464 0.2648
0.3643 0.8464 0.2241
0.8712 0.4103 0.9182
0.8682 0.3294 0.9179
0.9755 0.3294 0.728
0.9755 0.3294 0.728
0.8682 0.3294 0.9179
0.8853 0.2476 0.8932
0.8579 0.4871 0.8831
0.9102 0.6584 0.5939
0.8457 0.6617 0.7513
-0.0898 0.6584 0.5939
0.0639 0.6948 0.275
-0.1543 0.6617 0.7513
0.1486 0.1706 0.8842
0.1294 0.0212 0.7122
0.2011 0.0211 1.0688
0.1294 0.0212 0.7122
0.1486 0.1706 0.8842
0.0681 0.1033 0.6898
0.8314 0.0594 0.9851
0.8245 0.1972 1.0926
0.8644 0.2636 0.9242
0.8663 0.3374 0.886
0.8207 0.3367 1.1048
0.8559 0.4859 0.8475
0.3314 0.0594 0.9851
0.3245 0.1972 1.0926
0.3644 0.2636 0.9242
0.3663 0.3374 0.886
0.3207 0.3367 1.1048
0.3559 0.4859 0.8475
0.7127 0.2475 1.2469
0.7066 0.0516 1.1662
0.7376 0.0205 1.2693
0.7611 0.0103 1.0741
0.6938 0.0097 0.8858
0.5 0.0104 0
0.2611 0.0103 1.0741
0.1938 0.0097 0.8858
0.5 0.0104 0
0.2127 0.2475 1.2469
0.2066 0.0516 1.1662
0.2376 0.0205 1.2693
0.6705 0.4871 0.9368
0.7113 0.487 1.0867
0.7022 0.6584 0.9021
0.7113 0.487 1.0867
0.6705 0.4871 0.9368
0.6718 0.4104 1.03
0.4102 0.6584 0.5939
0.5639 0.6948 0.275
0.3455 0.6711 0.7099
0.3579 0.4871 0.8831
0.4102 0.6584 0.5939
0.3455 0.6711 0.7099
0.8317 0.0052 0.9969
0.9045 0.0212 0.6686
0.8765 0.1705 0.8904
-0.0033 0.0052 0.5712
0.0024 0.1705 0.6868
-0.0571 0.1033 0.6971
0.8525 0.3368 0.9546
0.8436 0.4847 0.9075
0.8244 0.3367 1.0689
0.8118 0.3367 1.0956
0.8111 0.4851 1.001
0.781 0.3362 1.2593
0.0502 0.5489 0.5782
0.1139 0.4849 0.7286
0.142 0.6431 0.6475
-0.1646 0.6375 0.7343
0.0212 0.6375 0.4563
0.188 0.6375 0.7571
0.7401 0.1964 1.2997
0.7414 0.3362 1.2793
0.7006 0.3367 1.1179
0.7129 0.4851 1.0388
0.7414 0.3362 1.2793
0.7415 0.6431 0.9694
0.718 0.6557 0.8896
0.7416 0.4842 1.1629
0.7181 0.412 1.163
0.7121 0.3368 1.1431
0.7411 0.3363 1.2827
0.7398 0.1967 1.3039
0.6506 0.7259 0.2519
0.5426 0.726 0.2116
0.6013 0.8464 0.2098
0.6285 0.659 0.577
0.5212 0.683 0.2526
0.6024 0.6909 0.2468
0.1506 0.7259 0.2519
0.0426 0.726 0.2116
0.1013 0.8464 0.2098
0.1285 0.659 0.577
0.0212 0.683 0.2526
0.1024 0.6909 0.2468
0.3224 0.0543 0.8912
0.4068 0.0561 0.633
0.2611 0.0553 1.2585
0.3792 0.1402 0.8147
0.4068 0.0561 0.633
0.3314 0.0594 0.9851
0.3134 0.3292 1.1376
0.3564 0.4104 0.9713
0.3198 0.4104 1.1132
0.3174 0.1704 1.1222
0.3765 0.1705 0.8904
0.3682 0.3294 0.9179
0.8792 0.1402 0.8147
0.9068 0.0561 0.633
0.8314 0.0594 0.9851
-0.1798 0.0553 1.0257
-0.0978 0.0541 0.5954
0.2611 0.0553 1.2585
0.218 0.6557 0.8896
0.2416 0.4842 1.1629
0.2181 0.412 1.1631
0.2121 0.3368 1.1431
0.2411 0.3363 1.2827
0.2398 0.1967 1.3039
0.1706 0.264 0.9873
0.137 0.0569 0.7381
0.2025 0.0567 1.0313
0.2006 0.056 0.9054
0.1159 0.0555 0.593
0.4083 0.056 0.5325
0.6706 0.264 0.9873
0.637 0.0569 0.7381
0.7025 0.0567 1.0313
0.6159 0.0555 0.593
0.4083 0.056 0.5325
0.7006 0.056 0.9054
0.4476 0.4124 0.6907
0.6139 0.4849 0.7286
0.5502 0.5489 0.5781
0.3354 0.6375 0.7343
0.5212 0.6389 0.471
0.7151 0.6374 0.844
0.3525 0.3368 0.9546
0.3436 0.4847 0.9075
0.3244 0.3367 1.0689
0.3244 0.3367 1.0689
0.3111 0.4851 1.001
0.281 0.3362 1.2593
0.2611 0.0553 1.2585
0.127 0.055 0.5512
0.2005 0.0549 0.9054
0.1941 0.0555 1.0155
0.1251 0.0562 0.665
0.15 0.1985 0.8587
0.2906 0.8595 0.3432
0.3062 0.702 0.3424
0.4266 0.702 0.2733
0.8062 0.8595 0.3351
0.6862 0.702 0.3378
0.7906 0.702 0.3507
0.5752 0.1977 0.7035
0.617 0.0724 0.7049
0.4714 0.141 0.6389
0.6943 0.0595 1.034
0.6339 0.0551 0.7241
0.65 0.1985 0.8587
0.2414 0.3362 1.2793
0.2129 0.4851 1.0388
0.2006 0.3367 1.1179
0.2414 0.3362 1.2793
0.2401 0.1964 1.2997
0.2611 0.1966 1.3446
0.6862 0.702 0.3378
0.7466 0.8595 0.3532
0.6098 0.8614 0.2893
0.4525 0.9879 0.2778
0.4266 0.8887 0.2891
0.5615 0.8946 0.2846
0.5 0.0104 0
0.4216 0.0104 0.5369
0.3207 0.0097 0.8914
0.6267 0.0107 0.557
0.4216 0.0104 0.5369
0.5 0.0104 0
0.2806 0.4842 1.141
0.2905 0.6431 0.9251
0.2611 0.6431 0.9922
0.3354 0.6375 0.7343
0.2026 0.6431 0.863
0.2415 0.6431 0.9694
0.3853 0.2476 0.8932
0.5024 0.1705 0.6868
0.4755 0.3294 0.728
0.4967 0.0052 0.5712
0.5024 0.1705 0.6868
0.4429 0.1033 0.6971
0.2415 0.6516 0.9609
0.2416 0.4842 1.1629
0.218 0.6557 0.8896
0.3486 0.6854 0.2937
0.2611 0.6567 0.9415
0.218 0.6557 0.8896
0.7853 0.0005 1.1867
0.8239 0.0211 1.0222
0.8174 0.1704 1.1222
0.8765 0.1705 0.8904
0.8174 0.1704 1.1222
0.8239 0.0211 1.0222
0.7415 0.6516 0.9608
0.7416 0.4842 1.1629
0.718 0.6557 0.8896
0.8486 0.6854 0.2937
0.7611 0.6567 0.9415
0.718 0.6557 0.8896
0.0665 0.3371 0.7175
0.0212 0.4851 0.6156
0.1088 0.4125 0.7688
0.8722 0.4126 0.8753
0.9429 0.4851 0.6565
0.9743 0.3371 0.6928
0.3722 0.4126 0.8753
0.4429 0.4851 0.6565
0.4743 0.3371 0.6928
0.5665 0.3371 0.7175
0.5212 0.4851 0.6156
0.6088 0.4125 0.7688
0.7271 0.8733 0.2699
0.7269 0.7012 0.3544
0.7728 0.6921 0.3859
0.7728 0.6921 0.3859
0.7269 0.7012 0.3544
0.7142 0.6699 0.8627
0.2728 0.6921 0.3859
0.2033 0.6967 0.3495
0.2142 0.6699 0.8627
0.2724 0.8733 0.27
0.2033 0.6967 0.3495
0.2728 0.6921 0.3859
0.1633 0.3373 0.9371
0.1765 0.5501 0.8486
0.1508 0.485 0.8388
0.1139 0.4849 0.7286
-0.0524 0.4124 0.6907
0.1035 0.3371 0.7808
0.151 0.9948 0.2937
0.151 0.8887 0.333
0.2174 0.8887 0.3748
0.2174 0.702 0.3542
0.2906 0.8595 0.3432
0.2022 0.8595 0.3397
0.0665 0.3371 0.7175
0.163 0.3374 0.9421
0.1458 0.2644 0.9113
0.15 0.1985 0.8587
0.163 0.3374 0.9421
0.1941 0.0555 1.0155
0.1705 0.4871 0.9368
0.1918 0.6654 0.8315
0.1727 0.6662 0.7563
0.1727 0.6662 0.7563
0.2142 0.6699 0.8627
0.1509 0.6967 0.3162
0.2466 0.8946 0.3814
0.2756 0.9948 0.3329
0.2174 0.9879 0.3706
0.0615 0.9879 0.2817
0.2611 0.9988 0.1841
-0.2826 0.9995 0.0905
0.8223 0.0554 0.8914
0.4083 0.056 0.5325
0.9083 0.056 0.5325
0.8316 0.0573 0.9723
0.9216 0.0574 0.6338
0.8809 0.1986 0.8012
0.891 0.2647 0.8245
0.9648 0.1978 0.6718
0.9742 0.3371 0.6891
0.8801 0.485 0.7873
0.8835 0.3374 0.8515
0.9476 0.4124 0.6907
0.3801 0.485 0.7873
0.3835 0.3374 0.8515
0.4476 0.4124 0.6907
0.391 0.2647 0.8245
0.4648 0.1978 0.6718
0.4742 0.3371 0.6891
0.1463 0.2476 0.952
0.0419 0.2476 0.7236
0.0681 0.1033 0.6898
0.0419 0.2476 0.7236
0.1463 0.2476 0.952
0.1019 0.3294 0.8206
0.3316 0.0573 0.9723
0.4215 0.0574 0.6338
0.3809 0.1986 0.8012
0.2854 0.0564 1.1763
0.4083 0.056 0.5325
0.3223 0.0554 0.8914
0.7847 0.0717 1.2234
0.7718 0.1967 1.3248
0.8103 0.1969 1.1611
0.7082 0.1979 1.1387
0.7398 0.1967 1.3039
0.7379 0.0717 1.2463
0.4349 0.6909 0.2335
0.4361 0.8464 0.1985
0.5212 0.8464 0.1919
0.349 0.8735 0.2646
0.38 0.6967 0.2968
0.4567 0.8733 0.1997
0.6614 0.3294 0.9762
0.6486 0.1706 0.8842
0.7011 0.1705 1.1847
0.6463 0.2476 0.952
0.6614 0.3294 0.9762
0.6019 0.3294 0.8206
0.2847 0.0717 1.2234
0.2718 0.1967 1.3248
0.3103 0.1969 1.1611
0.2082 0.1979 1.1387
0.2398 0.1967 1.3039
0.2373 0.0553 1.2032
0.1705 0.4871 0.9368
0.2113 0.487 1.0867
0.2022 0.6584 0.9021
0.2113 0.487 1.0867
0.1705 0.4871 0.9368
0.1718 0.4104 1.03
0.1765 0.5501 0.8486
0.1633 0.3373 0.9371
0.1832 0.4847 0.9579
0.2415 0.6431 0.9694
0.2026 0.6431 0.863
0.2129 0.4851 1.0388
0.6019 0.3294 0.8206
0.6614 0.3294 0.9762
0.6587 0.4103 0.9771
0.6117 0.4861 0.7696
0.6705 0.4871 0.9368
0.6515 0.6583 0.7089
0.7026 0.2638 1.1597
0.663 0.3374 0.9421
0.7121 0.3368 1.1431
0.6723 0.4859 0.8985
0.7121 0.3368 1.1431
0.663 0.3374 0.9421
0.3564 0.4104 0.9713
0.3579 0.4871 0.8831
0.3128 0.487 1.0461
0.3143 0.6693 0.8264
0.3128 0.487 1.0461
0.3579 0.4871 0.8831
0.8564 0.4104 0.9713
0.8579 0.4871 0.8831
0.8128 0.487 1.0461
0.8143 0.6693 0.8264
0.8128 0.487 1.0461
0.8579 0.4871 0.8831
0.5502 0.5489 0.5781
0.6139 0.4849 0.7286
0.642 0.6431 0.6475
0.6633 0.3373 0.9371
0.6765 0.5501 0.8486
0.6508 0.485 0.8388
0.1463 0.2476 0.952
0.1614 0.3294 0.9762
0.1019 0.3294 0.8206
0.1019 0.3294 0.8206
0.1614 0.3294 0.9762
0.1587 0.4103 0.9771
0.7806 0.4842 1.141
0.8179 0.6375 0.8023
0.7611 0.6431 0.9922
0.7151 0.6374 0.844
0.7611 0.6431 0.9922
0.8179 0.6375 0.8023
0.3215 0.2476 1.154
0.3682 0.3294 0.9179
0.3134 0.3292 1.1376
0.3134 0.3292 1.1376
0.2926 0.2476 1.2817
0.3174 0.1704 1.1222
0.8134 0.3292 1.1376
0.8564 0.4104 0.9713
0.8198 0.4104 1.1132
0.8215 0.2476 1.154
0.8682 0.3294 0.9179
0.8134 0.3292 1.1376
0.7006 0.3367 1.1179
0.6832 0.4847 0.9579
0.6706 0.264 0.9873
0.7414 0.3362 1.2793
0.7129 0.4851 1.0388
0.7006 0.3367 1.1179
0.5212 0.683 0.2526
0.6285 0.659 0.577
0.4887 0.6589 0.4622
0.4887 0.6589 0.4622
0.3438 0.6552 0.7197
0.3486 0.6854 0.2937
0.0212 0.683 0.2526
0.1285 0.659 0.577
-0.0113 0.6589 0.4622
0.9887 0.6589 0.4622
0.8438 0.6552 0.7197
0.8486 0.6854 0.2937
0.1503 0.1986 0.8541
0.0753 0.1978 0.6998
0.113 0.0574 0.6715
0.0753 0.1978 0.6998
-0.0053 0.0727 0.5734
0.113 0.0574 0.6715
0.6503 0.1986 0.8541
0.5753 0.1978 0.6998
0.613 0.0574 0.6715
0.5753 0.1978 0.6998
0.4947 0.0727 0.5734
0.613 0.0574 0.6715
-0.0784 0.0104 0.5369
0.1267 0.0107 0.557
-0.0033 0.0052 0.5712
0.9045 0.0212 0.6686
0.9967 0.0052 0.5712
0.9429 0.1033 0.6971
0.651 0.8887 0.333
0.7466 0.9948 0.3368
0.651 0.9948 0.2937
0.651 0.9948 0.2937
0.7466 0.9948 0.3368
0.4266 0.9981 0.1746
0.791 0.486 1.1585
0.8079 0.6581 0.912
0.7713 0.6581 1.0093
0.7728 0.6921 0.3859
0.7509 0.6581 1.0176
0.8143 0.6693 0.8264
0.8207 0.3367 1.1048
0.8644 0.2636 0.9242
0.8245 0.1972 1.0926
0.8103 0.1969 1.1611
0.7718 0.1967 1.3248
0.8061 0.3366 1.1687
0.3103 0.1969 1.1611
0.2718 0.1967 1.3248
0.3061 0.3366 1.1687
0.3207 0.3367 1.1048
0.3644 0.2636 0.9242
0.3245 0.1972 1.0926
0.2026 0.2638 1.1597
0.163 0.3374 0.9421
0.2121 0.3368 1.1431
0.2121 0.3368 1.1431
0.2398 0.1967 1.3039
0.2082 0.1979 1.1387
0.6294 0.0212 0.7122
0.6486 0.1706 0.8842
0.5681 0.1033 0.6898
0.4216 0.0104 0.5369
0.6267 0.0107 0.557
0.4967 0.0052 0.5712
0.6983 0.1405 1.1129
0.6943 0.0595 1.034
0.663 0.3374 0.9421
0.7379 0.0717 1.2463
0.7068 0.0718 1.1174
0.7082 0.1979 1.1387
0.8118 0.3367 1.0956
0.781 0.3362 1.2593
0.7824 0.1965 1.2782
0.8161 0.1979 1.0887
0.8316 0.0573 0.9723
0.8265 0.2639 1.0687
0.2108 0.3292 1.1821
0.1614 0.3294 0.9762
0.2033 0.2476 1.205
0.2108 0.3292 1.1821
0.2011 0.1705 1.1847
0.2066 0.0516 1.1662
0.7108 0.3292 1.1821
0.7011 0.1705 1.1847
0.7066 0.0516 1.1662
0.7108 0.3292 1.1821
0.6614 0.3294 0.9762
0.7033 0.2476 1.205
0.3858 0.2644 0.8549
0.3663 0.3374 0.886
0.4743 0.3371 0.6928
0.3644 0.2636 0.9242
0.3207 0.3367 1.1048
0.3663 0.3374 0.886
0.8644 0.2636 0.9242
0.8207 0.3367 1.1048
0.8663 0.3374 0.886
0.8858 0.2644 0.8549
0.8663 0.3374 0.886
0.9743 0.3371 0.6928
0.2611 0.0718 1.2972
0.2611 0.1966 1.3446
0.2401 0.1964 1.2997
0.3161 0.1979 1.0887
0.2824 0.1965 1.2782
0.2854 0.0564 1.1763
0.1035 0.3371 0.7808
0.0753 0.1978 0.6998
0.1503 0.1986 0.8541
0.1706 0.264 0.9873
0.1832 0.4847 0.9579
0.1633 0.3373 0.9371
0.6706 0.264 0.9873
0.6832 0.4847 0.9579
0.6633 0.3373 0.9371
0.6035 0.3371 0.7808
0.5753 0.1978 0.6998
0.6503 0.1986 0.8541
0.7824 0.1965 1.2782
0.7611 0.1966 1.3446
0.7611 0.0718 1.2972
0.7377 0.0595 1.2209
0.7401 0.1964 1.2997
0.7084 0.1979 1.1333
0.2509 0.6581 1.0176
0.2142 0.6699 0.8627
0.2318 0.486 1.1857
0.2142 0.6699 0.8627
0.2509 0.6581 1.0176
0.2728 0.6921 0.3859
0.2401 0.1964 1.2997
0.2414 0.3362 1.2793
0.2006 0.3367 1.1179
0.2006 0.3367 1.1179
0.1706 0.264 0.9873
0.1987 0.2639 1.119
0.3559 0.4859 0.8475
0.3207 0.3367 1.1048
0.3112 0.4854 1.0059
0.3559 0.4859 0.8475
0.3112 0.4854 1.0059
0.3117 0.6545 0.8353
0.8559 0.4859 0.8475
0.8112 0.4854 1.0059
0.8117 0.6545 0.8353
0.8559 0.4859 0.8475
0.8207 0.3367 1.1048
0.8112 0.4854 1.0059
-0.0651 0.6909 0.2335
-0.0639 0.8464 0.1985
0.0212 0.8464 0.1919
0.849 0.8735 0.2646
0.88 0.6967 0.2968
0.8806 0.8733 0.2227
0.7906 0.702 0.3507
0.9525 0.8595 0.2598
0.8062 0.8595 0.3351
0.0349 0.8595 0.2573
0.0615 0.8946 0.2846
-0.12 0.8946 0.3122
0.8244 0.3367 1.0689
0.8436 0.4847 0.9075
0.8111 0.4851 1.001
0.8179 0.6375 0.8023
0.8111 0.4851 1.001
0.8436 0.4847 0.9075
0.163 0.3374 0.9421
0.1088 0.4125 0.7688
0.1578 0.4126 0.9316
0.1285 0.659 0.577
0.1723 0.4859 0.8985
0.0953 0.4851 0.6917
0.6285 0.659 0.577
0.6723 0.4859 0.8985
0.5953 0.4851 0.6917
0.663 0.3374 0.9421
0.6088 0.4125 0.7688
0.6578 0.4126 0.9316
0.3244 0.3367 1.0689
0.3436 0.4847 0.9075
0.3111 0.4851 1.001
0.3223 0.6431 0.8261
0.3111 0.4851 1.001
0.3436 0.4847 0.9075
0.7155 0.8464 0.2599
0.7611 0.8195 0.268
0.7268 0.6966 0.3011
0.7269 0.7012 0.3544
0.7271 0.8733 0.2699
0.6784 0.8733 0.2513
0.2155 0.8464 0.2599
0.2611 0.8464 0.2648
0.2268 0.6966 0.3011
0.2033 0.6967 0.3495
0.2724 0.8733 0.27
0.2271 0.8733 0.2699
0.2022 0.8595 0.3397
0.1098 0.702 0.2897
0.2174 0.702 0.3542
0.1753 0.656 0.7416
0.1913 0.6832 0.3367
0.218 0.6557 0.8896
0.1753 0.656 0.7416
0.2025 0.6559 0.8448
0.1723 0.4859 0.8985
0.607 0.4104 0.8059
0.4719 0.4105 0.7064
0.4755 0.3294 0.728
0.4755 0.3294 0.728
0.4719 0.4105 0.7064
0.3712 0.4103 0.9182
0.9755 0.3294 0.728
0.9719 0.4105 0.7064
0.8712 0.4103 0.9182
0.107 0.4104 0.806
-0.0281 0.4105 0.7064
-0.0245 0.3294 0.728
0.6753 0.656 0.7416
0.7025 0.6559 0.8448
0.6723 0.4859 0.8985
0.6753 0.656 0.7416
0.6913 0.6832 0.3367
0.718 0.6557 0.8896
0.891 0.2647 0.8245
0.8809 0.1986 0.8012
0.9216 0.0574 0.6338
0.8316 0.0573 0.9723
0.8809 0.1986 0.8012
0.8525 0.3368 0.9546
0.3316 0.0573 0.9723
0.3809 0.1986 0.8012
0.3525 0.3368 0.9546
0.391 0.2647 0.8245
0.3809 0.1986 0.8012
0.4215 0.0574 0.6338
0.8062 0.8915 0.3493
0.8227 0.9879 0.3476
0.7466 0.9948 0.3368
-0.0976 0.9879 0.2966
0.0615 0.9879 0.2817
-0.2826 0.9995 0.0905
0.6938 0.0097 0.8858
0.7611 0.0103 1.0741
0.7492 0.0005 1.2502
0.7611 0.0205 1.3262
0.7853 0.0005 1.1867
0.7926 0.2476 1.2817
0.2611 0.0205 1.3262
0.2853 0.0005 1.1867
0.2926 0.2476 1.2817
0.1938 0.0097 0.8858
0.2611 0.0103 1.0741
0.2492 0.0005 1.2502
0.4266 0.9981 0.1746
0.7174 0.9995 0.0905
0.2611 0.9988 0.1841
0.3062 0.8887 0.3623
0.3403 0.9879 0.3353
0.2756 0.9948 0.3329
0.6727 0.6662 0.7563
0.7142 0.6699 0.8627
0.6509 0.6967 0.3162
0.6705 0.4871 0.9368
0.6918 0.6654 0.8315
0.6727 0.6662 0.7563
0.3486 0.6854 0.2937
0.4349 0.6909 0.2335
0.4887 0.6589 0.4622
0.3643 0.8464 0.2241
0.4349 0.6909 0.2335
0.3212 0.7259 0.267
0.8643 0.8464 0.2241
0.9349 0.6909 0.2335
0.8212 0.7259 0.267
0.8486 0.6854 0.2937
0.9349 0.6909 0.2335
0.9887 0.6589 0.4622
0.9068 0.0561 0.633
0.8812 0.1985 0.8055
0.9714 0.141 0.6389
0.0565 0.0555 0.5744
-0.0932 0.0561 0.633
-0.0286 0.141 0.6389
0.5024 0.1705 0.6868
0.3853 0.2476 0.8932
0.4429 0.1033 0.6971
0.4031 0.1033 0.7762
0.3765 0.1705 0.8904
0.4045 0.0212 0.6686
0.9031 0.1033 0.7762
0.8765 0.1705 0.8904
0.9045 0.0212 0.6686
0.0024 0.1705 0.6868
-0.1147 0.2476 0.8932
-0.0571 0.1033 0.6971
0.2113 0.487 1.0867
0.2318 0.486 1.1857
0.2142 0.6699 0.8627
0.2108 0.3292 1.1821
0.2318 0.486 1.1857
0.2113 0.487 1.0867
0.7113 0.487 1.0867
0.7318 0.486 1.1857
0.7142 0.6699 0.8627
0.7108 0.3292 1.1821
0.7318 0.486 1.1857
0.7113 0.487 1.0867
0.4185 0.0724 0.6635
0.3812 0.1985 0.8055
0.4714 0.141 0.6389
0.5565 0.0555 0.5744
0.4185 0.0724 0.6635
0.4714 0.141 0.6389
0.8117 0.6545 0.8353
0.8438 0.6552 0.7197
0.8559 0.4859 0.8475
0.8438 0.6552 0.7197
0.8117 0.6545 0.8353
0.8486 0.6854 0.2937
0.1648 0.8464 0.2382
0.1013 0.8464 0.2098
0.0827 0.8735 0.2328
0.0212 0.8464 0.1919
-0.0639 0.8464 0.1985
-0.0433 0.8733 0.1997
0.188 0.6375 0.7571
0.142 0.6431 0.6475
0.1508 0.485 0.8388
0.142 0.6431 0.6475
0.188 0.6375 0.7571
0.0212 0.6375 0.4563
0.3117 0.6545 0.8353
0.3438 0.6552 0.7197
0.3559 0.4859 0.8475
0.3438 0.6552 0.7197
0.3117 0.6545 0.8353
0.3486 0.6854 0.2937
0.2611 0.3361 1.3127
0.2824 0.1965 1.2782
0.281 0.3362 1.2593
0.2611 0.6431 0.9922
0.2611 0.3361 1.3127
0.281 0.3362 1.2593
0.38 0.8595 0.2891
0.3593 0.8946 0.3255
0.3062 0.8887 0.3623
0.5349 0.8891 0.2776
0.651 0.8887 0.333
0.4266 0.8887 0.2891
0.0665 0.3371 0.7175
0.0752 0.1977 0.7035
-0.0004 0.2643 0.678
0.0665 0.3371 0.7175
-0.0257 0.3371 0.6928
-0.0571 0.4851 0.6565
0.5665 0.3371 0.7175
0.5752 0.1977 0.7035
0.4996 0.2643 0.678
0.5665 0.3371 0.7175
0.4743 0.3371 0.6928
0.4429 0.4851 0.6565
0.3877 0.6381 0.5875
0.3354 0.6375 0.7343
0.3436 0.4847 0.9075
0.3354 0.6375 0.7343
0.3877 0.6381 0.5875
0.5212 0.6389 0.471
0.8457 0.6617 0.7513
0.7962 0.7012 0.345
0.8143 0.6693 0.8264
0.8579 0.4871 0.8831
0.8364 0.6583 0.8122
0.8143 0.6693 0.8264
0.2611 0.6567 0.9415
0.2611 0.3362 1.3158
0.2416 0.4842 1.1629
0.2411 0.3363 1.2827
0.2611 0.3362 1.3158
0.2611 0.1966 1.3481
0.7411 0.3363 1.2827
0.7611 0.3362 1.3158
0.7611 0.1966 1.3481
0.7611 0.6567 0.9415
0.7611 0.3362 1.3158
0.7416 0.4842 1.1629
0.5212 0.6586 0.5111
0.4244 0.4861 0.7255
0.5212 0.4862 0.6525
0.4719 0.4105 0.7064
0.607 0.4104 0.8059
0.5212 0.4862 0.6525
-0.0281 0.4105 0.7064
0.107 0.4104 0.806
0.0212 0.4862 0.6525
0.0212 0.6586 0.5111
-0.0756 0.4861 0.7255
0.0212 0.4862 0.6525
0.7611 0.6431 0.9922
0.7611 0.3361 1.3127
0.781 0.3362 1.2593
0.7611 0.3361 1.3127
0.7824 0.1965 1.2782
0.781 0.3362 1.2593
0.3455 0.6711 0.7099
0.2962 0.7012 0.345
0.3143 0.6693 0.8264
0.3579 0.4871 0.8831
0.3364 0.6583 0.8122
0.3143 0.6693 0.8264
-0.1646 0.6375 0.7343
-0.1123 0.6381 0.5875
0.0212 0.6375 0.4563
0.8877 0.6381 0.5875
0.8354 0.6375 0.7343
0.8436 0.4847 0.9075
0.8079 0.6581 0.912
0.791 0.486 1.1585
0.8128 0.487 1.0461
0.8128 0.487 1.0461
0.791 0.486 1.1585
0.8134 0.3292 1.1376
0.3079 0.6581 0.912
0.291 0.486 1.1585
0.3128 0.487 1.0461
0.3128 0.487 1.0461
0.291 0.486 1.1585
0.3134 0.3292 1.1376
0.2043 0.4848 1.0519
0.2121 0.3368 1.1431
0.1723 0.4859 0.8985
0.2181 0.412 1.1631
0.2043 0.4848 1.0519
0.218 0.6557 0.8896
0.7043 0.4848 1.0519
0.7121 0.3368 1.1431
0.6723 0.4859 0.8985
0.7181 0.412 1.163
0.7043 0.4848 1.0519
0.718 0.6557 0.8896
0.7466 0.9948 0.3368
0.651 0.8887 0.333
0.7322 0.8915 0.3661
0.651 0.8887 0.333
0.6098 0.8614 0.2893
0.7466 0.8595 0.3532
0.7504 0.2476 1.378
0.7492 0.0005 1.2502
0.7611 0.1705 1.3906
0.7718 0.2476 1.3663
0.7713 0.4861 1.2206
0.7611 0.3294 1.3631
0.2504 0.2476 1.378
0.2492 0.0005 1.2502
0.2611 0.1705 1.3906
0.2718 0.2476 1.3663
0.2713 0.4861 1.2207
0.2611 0.3294 1.3631
0.7006 0.3367 1.1179
0.6706 0.264 0.9873
0.6987 0.2639 1.119
0.7006 0.3367 1.1179
0.7084 0.1979 1.1333
0.7401 0.1964 1.2997
0.0752 0.1977 0.7035
0.15 0.1985 0.8587
0.1143 0.0556 0.67
0.1458 0.2644 0.9113
0.0752 0.1977 0.7035
0.0665 0.3371 0.7175
0.6458 0.2644 0.9113
0.5752 0.1977 0.7035
0.5665 0.3371 0.7175
0.5752 0.1977 0.7035
0.65 0.1985 0.8587
0.617 0.0724 0.7049
0.5212 0.6389 0.471
0.6826 0.6431 0.7711
0.7151 0.6374 0.844
0.7151 0.6374 0.844
0.6765 0.5501 0.8486
0.6832 0.4847 0.9579
0.0681 0.1033 0.6898
0.0024 0.1705 0.6868
-0.0033 0.0052 0.5712
0.0681 0.1033 0.6898
-0.0033 0.0052 0.5712
0.1294 0.0212 0.7122
0.5681 0.1033 0.6898
0.5024 0.1705 0.6868
0.4967 0.0052 0.5712
0.5681 0.1033 0.6898
0.4967 0.0052 0.5712
0.6294 0.0212 0.7122
-0.0258 0.3371 0.6891
-0.0352 0.1978 0.6718
0.0753 0.1978 0.6998
0.0753 0.1978 0.6998
-0.0352 0.1978 0.6718
-0.0053 0.0727 0.5734
0.5753 0.1978 0.6998
0.4648 0.1978 0.6718
0.4947 0.0727 0.5734
0.4742 0.3371 0.6891
0.4648 0.1978 0.6718
0.5753 0.1978 0.6998
0.4755 0.3294 0.728
0.6019 0.3294 0.8206
0.607 0.4104 0.8059
0.6587 0.4103 0.9771
0.607 0.4104 0.8059
0.6019 0.3294 0.8206
0.1587 0.4103 0.9771
0.107 0.4104 0.806
0.1019 0.3294 0.8206
-0.0245 0.3294 0.728
0.1019 0.3294 0.8206
0.107 0.4104 0.806
0.3265 0.2639 1.0687
0.3525 0.3368 0.9546
0.3244 0.3367 1.0689
0.2824 0.1965 1.2782
0.3161 0.1979 1.0887
0.3244 0.3367 1.0689
0.0615 0.9879 0.2817
0.0615 0.8946 0.2846
0.151 0.8887 0.333
0.0615 0.8946 0.2846
0.0349 0.8595 0.2573
0.2022 0.8595 0.3397
0.7025 0.0567 1.0313
0.7854 0.0564 1.1763
0.7611 0.0718 1.2972
0.7611 0.0718 1.2972
0.7854 0.0564 1.1763
0.7824 0.1965 1.2782
0.7379 0.0717 1.2463
0.7611 0.0553 1.2585
0.6943 0.0595 1.034
0.7611 0.0553 1.2585
0.7379 0.0717 1.2463
0.7611 0.1966 1.3481
0.2174 0.8887 0.3748
0.2022 0.8595 0.3397
0.2906 0.8595 0.3432
0.2756 0.9948 0.3329
0.2466 0.8946 0.3814
0.3062 0.8887 0.3623
0.2377 0.0595 1.2209
0.2401 0.1964 1.2997
0.2084 0.1979 1.1333
0.2006 0.3367 1.1179
0.2084 0.1979 1.1333
0.2401 0.1964 1.2997
0.6098 0.8614 0.2893
0.5615 0.702 0.2693
0.6862 0.702 0.3378
0.7824 0.1965 1.2782
0.8161 0.1979 1.0887
0.8118 0.3367 1.0956
0.8161 0.1979 1.0887
0.7824 0.1965 1.2782
0.7854 0.0564 1.1763
0.2025 0.0567 1.0313
0.2854 0.0564 1.1763
0.2611 0.0718 1.2972
0.2611 0.0718 1.2972
0.2854 0.0564 1.1763
0.2824 0.1965 1.2782
0.88 0.6967 0.2968
0.7962 0.7012 0.345
0.8457 0.6617 0.7513
0.7962 0.7012 0.345
0.88 0.6967 0.2968
0.849 0.8735 0.2646
0.2962 0.7012 0.345
0.38 0.6967 0.2968
0.349 0.8735 0.2646
0.38 0.6967 0.2968
0.2962 0.7012 0.345
0.3455 0.6711 0.7099
0.2108 0.3292 1.1821
0.2066 0.0516 1.1662
0.2127 0.2475 1.2469
0.2302 0.2476 1.3134
0.2504 0.2476 1.378
0.2108 0.3292 1.1821
0.7108 0.3292 1.1821
0.7066 0.0516 1.1662
0.7127 0.2475 1.2469
0.7302 0.2476 1.3134
0.7504 0.2476 1.378
0.7108 0.3292 1.1821
0.6753 0.656 0.7416
0.6024 0.6909 0.2468
0.6913 0.6832 0.3367
0.6506 0.7259 0.2519
0.7155 0.8464 0.2599
0.6913 0.6832 0.3367
0.4476 0.4124 0.6907
0.4742 0.3371 0.6891
0.6035 0.3371 0.7808
0.4476 0.4124 0.6907
0.3835 0.3374 0.8515
0.4742 0.3371 0.6891
-0.0524 0.4124 0.6907
-0.0258 0.3371 0.6891
0.1035 0.3371 0.7808
0.9476 0.4124 0.6907
0.8835 0.3374 0.8515
0.9742 0.3371 0.6891
0.1753 0.656 0.7416
0.1024 0.6909 0.2468
0.1913 0.6832 0.3367
0.1506 0.7259 0.2519
0.2155 0.8464 0.2599
0.1913 0.6832 0.3367
0.5212 0.8464 0.1919
0.4361 0.8464 0.1985
0.4567 0.8733 0.1997
0.6648 0.8464 0.2382
0.6013 0.8464 0.2098
0.6187 0.8733 0.2224
0.0827 0.8735 0.2328
0.1784 0.8733 0.2513
0.1648 0.8464 0.2382
0.2611 0.8464 0.2648
0.2155 0.8464 0.2599
0.2271 0.8733 0.2699
0.2373 0.0553 1.2032
0.2611 0.0553 1.2585
0.1941 0.0555 1.0155
0.2611 0.0553 1.2585
0.2373 0.0553 1.2032
0.2611 0.1966 1.3481
0.349 0.8735 0.2646
0.4567 0.8733 0.1997
0.4361 0.8464 0.1985
0.2724 0.8733 0.27
0.3211 0.8733 0.2515
0.3643 0.8464 0.2241
0.1633 0.3373 0.9371
0.1139 0.4849 0.7286
0.1035 0.3371 0.7808
0.1503 0.1986 0.8541
0.1633 0.3373 0.9371
0.1035 0.3371 0.7808
0.6633 0.3373 0.9371
0.6139 0.4849 0.7286
0.6035 0.3371 0.7808
0.6503 0.1986 0.8541
0.6633 0.3373 0.9371
0.6035 0.3371 0.7808
0.3663 0.3374 0.886
0.3812 0.1985 0.8055
0.3644 0.2636 0.9242
0.4068 0.0561 0.633
0.3644 0.2636 0.9242
0.3812 0.1985 0.8055
0.9068 0.0561 0.633
0.8644 0.2636 0.9242
0.8812 0.1985 0.8055
0.8663 0.3374 0.886
0.8812 0.1985 0.8055
0.8644 0.2636 0.9242
0.784 0.8464 0.26
0.7155 0.8464 0.2599
0.7271 0.8733 0.2699
0.7724 0.8733 0.27
0.849 0.8735 0.2646
0.784 0.8464 0.26
-0.0475 0.8595 0.2598
-0.12 0.702 0.2954
0.0074 0.702 0.26
0.5639 0.6948 0.275
0.4102 0.6584 0.5939
0.5212 0.6586 0.5111
0.4244 0.4861 0.7255
0.5212 0.6586 0.5111
0.4102 0.6584 0.5939
0.0639 0.6948 0.275
-0.0898 0.6584 0.5939
0.0212 0.6586 0.5111
-0.0756 0.4861 0.7255
0.0212 0.6586 0.5111
-0.0898 0.6584 0.5939
0.7611 0.1966 1.3481
0.7398 0.1967 1.3039
0.7411 0.3363 1.2827
0.7398 0.1967 1.3039
0.7611 0.1966 1.3481
0.7379 0.0717 1.2463
0.2611 0.1966 1.3481
0.2398 0.1967 1.3039
0.2411 0.3363 1.2827
0.2398 0.1967 1.3039
0.2611 0.1966 1.3481
0.2373 0.0553 1.2032
0.6187 0.8733 0.2224
0.6784 0.8733 0.2513
0.6648 0.8464 0.2382
0.6784 0.8733 0.2513
0.7271 0.8733 0.2699
0.7155 0.8464 0.2599
0.8227 0.9879 0.3476
0.8062 0.8915 0.3493
0.88 0.8946 0.3122
0.88 0.8946 0.3122
0.8062 0.8595 0.3351
0.9525 0.8595 0.2598
0.151 0.9948 0.2937
0.2611 0.9988 0.1841
0.0615 0.9879 0.2817
0.151 0.8887 0.333
0.151 0.9948 0.2937
0.0615 0.9879 0.2817
0.1918 0.6654 0.8315
0.2142 0.6699 0.8627
0.1727 0.6662 0.7563
0.2113 0.487 1.0867
0.2142 0.6699 0.8627
0.2022 0.6584 0.9021
0.6918 0.6654 0.8315
0.7142 0.6699 0.8627
0.6727 0.6662 0.7563
0.7113 0.487 1.0867
0.7142 0.6699 0.8627
0.7022 0.6584 0.9021
0.142 0.6431 0.6475
0.0212 0.6375 0.4563
0.0502 0.5489 0.5782
0.0212 0.6375 0.4563
-0.0332 0.4849 0.6268
0.0502 0.5489 0.5782
0.6187 0.8733 0.2224
0.5639 0.6948 0.275
0.6509 0.6967 0.3162
0.5639 0.6948 0.275
0.6515 0.6583 0.7089
0.6509 0.6967 0.3162
-0.0433 0.8733 0.1997
0.0827 0.8735 0.2328
0.0212 0.8464 0.1919
0.0639 0.6948 0.275
0.0827 0.8735 0.2328
-0.0433 0.8733 0.1997
0.642 0.6431 0.6475
0.5212 0.6389 0.471
0.5502 0.5489 0.5781
0.5212 0.6389 0.471
0.4668 0.4849 0.6268
0.5502 0.5489 0.5781
0.3112 0.4854 1.0059
0.2809 0.4842 1.1449
0.2901 0.6517 0.9197
0.2809 0.4842 1.1449
0.3112 0.4854 1.0059
0.3061 0.3366 1.1687
0.8112 0.4854 1.0059
0.7809 0.4842 1.1449
0.7901 0.6517 0.9197
0.7809 0.4842 1.1449
0.8112 0.4854 1.0059
0.8061 0.3366 1.1687
0.4719 0.4105 0.7064
0.5212 0.4862 0.6525
0.4244 0.4861 0.7255
0.4719 0.4105 0.7064
0.4244 0.4861 0.7255
0.3579 0.4871 0.8831
0.9719 0.4105 0.7064
0.9244 0.4861 0.7255
0.8579 0.4871 0.8831
-0.0281 0.4105 0.7064
0.0212 0.4862 0.6525
-0.0756 0.4861 0.7255
0.8835 0.3374 0.8515
0.8525 0.3368 0.9546
0.8809 0.1986 0.8012
0.8525 0.3368 0.9546
0.8835 0.3374 0.8515
0.8801 0.485 0.7873
0.3525 0.3368 0.9546
0.3835 0.3374 0.8515
0.3801 0.485 0.7873
0.3835 0.3374 0.8515
0.3525 0.3368 0.9546
0.3809 0.1986 0.8012
0.2002 0.001 1.0136
0.1338 0.0006 0.7266
0.1267 0.0107 0.557
0.1147 0.0006 0.6726
-0.0033 0.0052 0.5712
0.1267 0.0107 0.557
0.6285 0.659 0.577
0.6024 0.6909 0.2468
0.6753 0.656 0.7416
0.6723 0.4859 0.8985
0.6285 0.659 0.577
0.6753 0.656 0.7416
0.1285 0.659 0.577
0.1024 0.6909 0.2468
0.1753 0.656 0.7416
0.1723 0.4859 0.8985
0.1285 0.659 0.577
0.1753 0.656 0.7416
0.2002 0.001 1.0136
0.2376 0.0205 1.2693
0.2066 0.0516 1.1662
0.1338 0.0006 0.7266
0.2002 0.001 1.0136
0.2011 0.0211 1.0688
0.6338 0.0006 0.7266
0.7002 0.001 1.0136
0.7011 0.0211 1.0688
0.7002 0.001 1.0136
0.7376 0.0205 1.2693
0.7066 0.0516 1.1662
0.4947 0.0727 0.5734
0.4648 0.1978 0.6718
0.4215 0.0574 0.6338
0.4215 0.0574 0.6338
0.613 0.0574 0.6715
0.4947 0.0727 0.5734
0.4967 0.0052 0.5712
0.6147 0.0006 0.6725
0.6294 0.0212 0.7122
0.7002 0.001 1.0136
0.6338 0.0006 0.7266
0.6267 0.0107 0.557
0.6826 0.6431 0.7711
0.642 0.6431 0.6475
0.6508 0.485 0.8388
0.642 0.6431 0.6475
0.6826 0.6431 0.7711
0.5212 0.6389 0.471
0.8564 0.4104 0.9713
0.8134 0.3292 1.1376
0.8682 0.3294 0.9179
0.8579 0.4871 0.8831
0.8564 0.4104 0.9713
0.8682 0.3294 0.9179
0.6614 0.3294 0.9762
0.6718 0.4104 1.03
0.6705 0.4871 0.9368
0.6614 0.3294 0.9762
0.7108 0.3292 1.1821
0.6718 0.4104 1.03
0.8179 0.6375 0.8023
0.7806 0.4842 1.141
0.8111 0.4851 1.001
0.7806 0.4842 1.141
0.781 0.3362 1.2593
0.8111 0.4851 1.001
0.8207 0.0097 0.8914
0.9085 0.0011 0.6216
0.8317 0.0052 0.9969
0.8207 0.0097 0.8914
0.8203 0.0005 1.031
0.7611 0.0103 1.0741
0.1614 0.3294 0.9762
0.1718 0.4104 1.03
0.1705 0.4871 0.9368
0.1614 0.3294 0.9762
0.2108 0.3292 1.1821
0.1718 0.4104 1.03
0.3207 0.0097 0.8914
0.3317 0.0052 0.9969
0.2611 0.0103 1.0741
0.3207 0.0097 0.8914
0.4085 0.0011 0.6216
0.3317 0.0052 0.9969
0.3564 0.4104 0.9713
0.3134 0.3292 1.1376
0.3682 0.3294 0.9179
0.3579 0.4871 0.8831
0.3564 0.4104 0.9713
0.3682 0.3294 0.9179
0.2853 0.0005 1.1867
0.2611 0.0205 1.3262
0.2611 0.0103 1.0741
0.2611 0.0103 1.0741
0.3317 0.0052 0.9969
0.2853 0.0005 1.1867
0.7611 0.0103 1.0741
0.8203 0.0005 1.031
0.7853 0.0005 1.1867
0.7853 0.0005 1.1867
0.7611 0.0205 1.3262
0.7611 0.0103 1.0741
0.2129 0.4851 1.0388
0.1832 0.4847 0.9579
0.2006 0.3367 1.1179
0.2129 0.4851 1.0388
0.2026 0.6431 0.863
0.1832 0.4847 0.9579
0.7129 0.4851 1.0388
0.7151 0.6374 0.844
0.6832 0.4847 0.9579
0.7129 0.4851 1.0388
0.6832 0.4847 0.9579
0.7006 0.3367 1.1179
0.4755 0.3294 0.728
0.5024 0.1705 0.6868
0.5419 0.2476 0.7236
0.5024 0.1705 0.6868
0.5681 0.1033 0.6898
0.5419 0.2476 0.7236
0.0024 0.1705 0.6868
0.0681 0.1033 0.6898
0.0419 0.2476 0.7236
-0.0245 0.3294 0.728
0.0024 0.1705 0.6868
0.0419 0.2476 0.7236
0.5212 0.4851 0.6156
0.4429 0.4851 0.6565
0.4887 0.6589 0.4622
0.4429 0.4851 0.6565
0.5212 0.4851 0.6156
0.5665 0.3371 0.7175
0.0212 0.4851 0.6156
-0.0571 0.4851 0.6565
-0.0113 0.6589 0.4622
-0.0571 0.4851 0.6565
0.0212 0.4851 0.6156
0.0665 0.3371 0.7175
-0.0651 0.6909 0.2335
0.0212 0.683 0.2526
-0.0113 0.6589 0.4622
0.0212 0.8464 0.1919
0.0426 0.726 0.2116
-0.0651 0.6909 0.2335
0.5212 0.8464 0.1919
0.5426 0.726 0.2116
0.4349 0.6909 0.2335
0.4349 0.6909 0.2335
0.5212 0.683 0.2526
0.4887 0.6589 0.4622
0.2806 0.4842 1.141
0.281 0.3362 1.2593
0.3111 0.4851 1.001
0.2905 0.6431 0.9251
0.2806 0.4842 1.141
0.3111 0.4851 1.001
0.1463 0.2476 0.952
0.0681 0.1033 0.6898
0.1486 0.1706 0.8842
0.1486 0.1706 0.8842
0.1614 0.3294 0.9762
0.1463 0.2476 0.952
0.6463 0.2476 0.952
0.5681 0.1033 0.6898
0.6486 0.1706 0.8842
0.6486 0.1706 0.8842
0.6614 0.3294 0.9762
0.6463 0.2476 0.952
0.0639 0.6948 0.275
0.1515 0.6583 0.7089
0.1509 0.6967 0.3162
0.0827 0.8735 0.2328
0.0639 0.6948 0.275
0.1509 0.6967 0.3162
0.7611 0.0553 1.2585
0.7847 0.0717 1.2234
0.8202 0.0553 1.0257
0.7718 0.1967 1.3248
0.7847 0.0717 1.2234
0.7611 0.0553 1.2585
0.7926 0.2476 1.2817
0.7718 0.2476 1.3663
0.7611 0.0205 1.3262
0.8134 0.3292 1.1376
0.7718 0.2476 1.3663
0.7926 0.2476 1.2817
0.3134 0.3292 1.1376
0.2718 0.2476 1.3663
0.2926 0.2476 1.2817
0.2926 0.2476 1.2817
0.2718 0.2476 1.3663
0.2611 0.0205 1.3262
0.8643 0.8464 0.2241
0.784 0.8464 0.26
0.849 0.8735 0.2646
0.849 0.8735 0.2646
0.8806 0.8733 0.2227
0.8643 0.8464 0.2241
0.3853 0.2476 0.8932
0.3682 0.3294 0.9179
0.3765 0.1705 0.8904
0.3765 0.1705 0.8904
0.4031 0.1033 0.7762
0.3853 0.2476 0.8932
0.8853 0.2476 0.8932
0.8682 0.3294 0.9179
0.8765 0.1705 0.8904
0.8765 0.1705 0.8904
0.9031 0.1033 0.7762
0.8853 0.2476 0.8932
0.137 0.0569 0.7381
0.1706 0.264 0.9873
0.1503 0.1986 0.8541
0.1633 0.3373 0.9371
0.1503 0.1986 0.8541
0.1706 0.264 0.9873
0.6633 0.3373 0.9371
0.6503 0.1986 0.8541
0.6706 0.264 0.9873
0.637 0.0569 0.7381
0.6706 0.264 0.9873
0.6503 0.1986 0.8541
0.5615 0.702 0.2693
0.6098 0.8614 0.2893
0.5074 0.8595 0.2545
0.5074 0.8595 0.2545
0.5349 0.8891 0.2776
0.4266 0.8887 0.2891
0.3403 0.9879 0.3353
0.4525 0.9879 0.2778
0.5865 0.9879 0.2914
0.3593 0.8946 0.3255
0.4525 0.9879 0.2778
0.3403 0.9879 0.3353
0.8579 0.4871 0.8831
0.8712 0.4103 0.9182
0.9719 0.4105 0.7064
0.8712 0.4103 0.9182
0.8579 0.4871 0.8831
0.8682 0.3294 0.9179
0.9947 0.0727 0.5734
0.9648 0.1978 0.6718
0.9216 0.0574 0.6338
-0.0784 0.0574 0.6338
0.113 0.0574 0.6715
-0.0053 0.0727 0.5734
0.7416 0.4842 1.1629
0.7411 0.3363 1.2827
0.7181 0.412 1.163
0.7416 0.4842 1.1629
0.7611 0.3362 1.3158
0.7411 0.3363 1.2827
0.2416 0.4842 1.1629
0.2411 0.3363 1.2827
0.2181 0.412 1.1631
0.2416 0.4842 1.1629
0.2611 0.3362 1.3158
0.2411 0.3363 1.2827
0.3579 0.4871 0.8831
0.3712 0.4103 0.9182
0.4719 0.4105 0.7064
0.3712 0.4103 0.9182
0.3579 0.4871 0.8831
0.3682 0.3294 0.9179
0.2611 0.0205 1.3262
0.2611 0.1705 1.3906
0.2492 0.0005 1.2502
0.2492 0.0005 1.2502
0.2611 0.0103 1.0741
0.2611 0.0205 1.3262
0.7492 0.0005 1.2502
0.7611 0.0103 1.0741
0.7611 0.0205 1.3262
0.7611 0.0205 1.3262
0.7611 0.1705 1.3906
0.7492 0.0005 1.2502
0.4743 0.3371 0.6928
0.5665 0.3371 0.7175
0.4996 0.2643 0.678
0.4996 0.2643 0.678
0.3858 0.2644 0.8549
0.4743 0.3371 0.6928
0.9996 0.2643 0.678
0.8858 0.2644 0.8549
0.9743 0.3371 0.6928
-0.0257 0.3371 0.6928
0.0665 0.3371 0.7175
-0.0004 0.2643 0.678
0.6117 0.4861 0.7696
0.5212 0.4862 0.6525
0.607 0.4104 0.8059
0.6705 0.4871 0.9368
0.6117 0.4861 0.7696
0.607 0.4104 0.8059
0.1117 0.4861 0.7696
0.0212 0.4862 0.6525
0.107 0.4104 0.806
0.1705 0.4871 0.9368
0.1117 0.4861 0.7696
0.107 0.4104 0.806
0.3354 0.6375 0.7343
0.188 0.6375 0.7571
0.2026 0.6431 0.863
0.2026 0.6431 0.863
0.1765 0.5501 0.8486
0.1832 0.4847 0.9579
0.8436 0.4847 0.9075
0.8801 0.485 0.7873
0.8877 0.6381 0.5875
0.8801 0.485 0.7873
0.8436 0.4847 0.9075
0.8525 0.3368 0.9546
0.3801 0.485 0.7873
0.3436 0.4847 0.9075
0.3525 0.3368 0.9546
0.3436 0.4847 0.9075
0.3801 0.485 0.7873
0.3877 0.6381 0.5875
0.8812 0.1985 0.8055
0.8663 0.3374 0.886
0.8858 0.2644 0.8549
0.8858 0.2644 0.8549
0.9714 0.141 0.6389
0.8812 0.1985 0.8055
0.607 0.4104 0.8059
0.6587 0.4103 0.9771
0.6705 0.4871 0.9368
0.6614 0.3294 0.9762
0.6705 0.4871 0.9368
0.6587 0.4103 0.9771
0.3858 0.2644 0.8549
0.4714 0.141 0.6389
0.3812 0.1985 0.8055
0.3812 0.1985 0.8055
0.3663 0.3374 0.886
0.3858 0.2644 0.8549
0.107 0.4104 0.806
0.1587 0.4103 0.9771
0.1705 0.4871 0.9368
0.1614 0.3294 0.9762
0.1705 0.4871 0.9368
0.1587 0.4103 0.9771
0.0953 0.4851 0.6917
0.1088 0.4125 0.7688
0.0212 0.4851 0.6156
0.1088 0.4125 0.7688
0.0953 0.4851 0.6917
0.1723 0.4859 0.8985
0.6088 0.4125 0.7688
0.5953 0.4851 0.6917
0.6723 0.4859 0.8985
0.5953 0.4851 0.6917
0.6088 0.4125 0.7688
0.5212 0.4851 0.6156
0.5425 0.8733 0.1996
0.4567 0.8733 0.1997
0.38 0.6967 0.2968
0.4567 0.8733 0.1997
0.5425 0.8733 0.1996
0.5212 0.8464 0.1919
0.9085 0.0011 0.6216
0.9967 0.0052 0.5712
0.9045 0.0212 0.6686
0.9045 0.0212 0.6686
0.8317 0.0052 0.9969
0.9085 0.0011 0.6216
0.15 0.1985 0.8587
0.1251 0.0562 0.665
0.1143 0.0556 0.67
-0.0978 0.0541 0.5954
0.1143 0.0556 0.67
0.127 0.055 0.5512
0.3663 0.3374 0.886
0.3559 0.4859 0.8475
0.3722 0.4126 0.8753
0.4743 0.3371 0.6928
0.3663 0.3374 0.886
0.3722 0.4126 0.8753
0.4068 0.0561 0.633
0.3792 0.1402 0.8147
0.3644 0.2636 0.9242
0.3314 0.0594 0.9851
0.3644 0.2636 0.9242
0.3792 0.1402 0.8147
0.4045 0.0212 0.6686
0.3317 0.0052 0.9969
0.4085 0.0011 0.6216
0.4085 0.0011 0.6216
0.4967 0.0052 0.5712
0.4045 0.0212 0.6686
0.9743 0.3371 0.6928
0.8663 0.3374 0.886
0.8722 0.4126 0.8753
0.8663 0.3374 0.886
0.8559 0.4859 0.8475
0.8722 0.4126 0.8753
0.9068 0.0561 0.633
0.8792 0.1402 0.8147
0.8644 0.2636 0.9242
0.8314 0.0594 0.9851
0.8644 0.2636 0.9242
0.8792 0.1402 0.8147
0.3223 0.6431 0.8261
0.2905 0.6431 0.9251
0.3111 0.4851 1.001
0.2905 0.6431 0.9251
0.3223 0.6431 0.8261
0.2611 0.6431 0.9922
0.3438 0.6552 0.7197
0.4071 0.6529 0.5631
0.3559 0.4859 0.8475
0.3438 0.6552 0.7197
0.4887 0.6589 0.4622
0.4071 0.6529 0.5631
0.8438 0.6552 0.7197
0.9887 0.6589 0.4622
0.9071 0.6529 0.5631
0.8438 0.6552 0.7197
0.9071 0.6529 0.5631
0.8559 0.4859 0.8475
0.2271 0.8733 0.2699
0.2724 0.8733 0.27
0.2611 0.8464 0.2648
0.3643 0.8464 0.2241
0.2611 0.8464 0.2648
0.2724 0.8733 0.27
0.3062 0.8887 0.3623
0.2906 0.8595 0.3432
0.38 0.8595 0.2891
0.2906 0.8595 0.3432
0.3062 0.8887 0.3623
0.2466 0.8946 0.3814
0.6509 0.6967 0.3162
0.7142 0.6699 0.8627
0.7269 0.7012 0.3544
0.6784 0.8733 0.2513
0.6509 0.6967 0.3162
0.7269 0.7012 0.3544
0.1458 0.2644 0.9113
0.163 0.3374 0.9421
0.15 0.1985 0.8587
0.15 0.1985 0.8587
0.0752 0.1977 0.7035
0.1458 0.2644 0.9113
0.7466 0.9948 0.3368
0.7174 0.9995 0.0905
0.4266 0.9981 0.1746
0.8227 0.9879 0.3476
0.7174 0.9995 0.0905
0.7466 0.9948 0.3368
0.6458 0.2644 0.9113
0.663 0.3374 0.9421
0.65 0.1985 0.8587
0.65 0.1985 0.8587
0.5752 0.1977 0.7035
0.6458 0.2644 0.9113
0.2847 0.0717 1.2234
0.3202 0.0553 1.0257
0.2611 0.0553 1.2585
0.2718 0.1967 1.3248
0.2847 0.0717 1.2234
0.2611 0.0553 1.2585
0.7322 0.8915 0.3661
0.7466 0.8595 0.3532
0.8062 0.8595 0.3351
0.7466 0.8595 0.3532
0.7322 0.8915 0.3661
0.651 0.8887 0.333
0.1723 0.4859 0.8985
0.1578 0.4126 0.9316
0.1088 0.4125 0.7688
0.1578 0.4126 0.9316
0.1723 0.4859 0.8985
0.163 0.3374 0.9421
0.6578 0.4126 0.9316
0.6723 0.4859 0.8985
0.663 0.3374 0.9421
0.6723 0.4859 0.8985
0.6578 0.4126 0.9316
0.6088 0.4125 0.7688
0.8265 0.2639 1.0687
0.8118 0.3367 1.0956
0.8161 0.1979 1.0887
0.8244 0.3367 1.0689
0.8111 0.4851 1.001
0.8118 0.3367 1.0956
0.2068 0.0718 1.1174
0.1941 0.0555 1.0155
0.2082 0.1979 1.1387
0.2068 0.0718 1.1174
0.2373 0.0553 1.2032
0.1941 0.0555 1.0155
0.2121 0.3368 1.1431
0.2181 0.412 1.1631
0.2411 0.3363 1.2827
0.2181 0.412 1.1631
0.2121 0.3368 1.1431
0.2043 0.4848 1.0519
0.7068 0.0718 1.1174
0.7379 0.0717 1.2463
0.6943 0.0595 1.034
0.7068 0.0718 1.1174
0.6943 0.0595 1.034
0.7082 0.1979 1.1387
0.5565 0.0555 0.5744
0.6251 0.0562 0.665
0.4068 0.0561 0.633
0.5565 0.0555 0.5744
0.4714 0.141 0.6389
0.617 0.0724 0.7049
0.2022 0.8595 0.3397
0.151 0.8887 0.333
0.0615 0.8946 0.2846
0.2022 0.8595 0.3397
0.2174 0.8887 0.3748
0.151 0.8887 0.333
0.8128 0.487 1.0461
0.8198 0.4104 1.1132
0.8564 0.4104 0.9713
0.8198 0.4104 1.1132
0.8128 0.487 1.0461
0.8134 0.3292 1.1376
0.7181 0.412 1.163
0.7121 0.3368 1.1431
0.7043 0.4848 1.0519
0.7121 0.3368 1.1431
0.7181 0.412 1.163
0.7411 0.3363 1.2827
0.2824 0.1965 1.2782
0.2611 0.3361 1.3127
0.2611 0.1966 1.3446
0.2824 0.1965 1.2782
0.2611 0.1966 1.3446
0.2611 0.0718 1.2972
0.1718 0.4104 1.03
0.2049 0.4104 1.1613
0.2113 0.487 1.0867
0.2108 0.3292 1.1821
0.2113 0.487 1.0867
0.2049 0.4104 1.1613
0.6718 0.4104 1.03
0.7049 0.4104 1.1613
0.7113 0.487 1.0867
0.7108 0.3292 1.1821
0.7113 0.487 1.0867
0.7049 0.4104 1.1613
0.4083 0.056 0.5325
0.6159 0.0555 0.593
0.4215 0.0574 0.6338
0.3223 0.0554 0.8914
0.4083 0.056 0.5325
0.4215 0.0574 0.6338
0.4476 0.4124 0.6907
0.4668 0.4849 0.6268
0.3801 0.485 0.7873
0.4476 0.4124 0.6907
0.5502 0.5489 0.5781
0.4668 0.4849 0.6268
-0.0524 0.4124 0.6907
0.0502 0.5489 0.5782
-0.0332 0.4849 0.6268
0.9476 0.4124 0.6907
0.9668 0.4849 0.6268
0.8801 0.485 0.7873
0.3128 0.487 1.0461
0.3198 0.4104 1.1132
0.3564 0.4104 0.9713
0.3198 0.4104 1.1132
0.3128 0.487 1.0461
0.3134 0.3292 1.1376
0.2155 0.8464 0.2599
0.1648 0.8464 0.2382
0.1784 0.8733 0.2513
0.2155 0.8464 0.2599
0.1506 0.7259 0.2519
0.1648 0.8464 0.2382
0.7155 0.8464 0.2599
0.6506 0.7259 0.2519
0.6648 0.8464 0.2382
0.7155 0.8464 0.2599
0.6648 0.8464 0.2382
0.6784 0.8733 0.2513
0.2401 0.1964 1.2997
0.2377 0.0595 1.2209
0.2611 0.0718 1.2972
0.2025 0.0567 1.0313
0.2611 0.0718 1.2972
0.2377 0.0595 1.2209
0.7025 0.0567 1.0313
0.7611 0.0718 1.2972
0.7377 0.0595 1.2209
0.7401 0.1964 1.2997
0.7377 0.0595 1.2209
0.7611 0.0718 1.2972
0.6139 0.4849 0.7286
0.6633 0.3373 0.9371
0.6508 0.485 0.8388
0.6139 0.4849 0.7286
0.6508 0.485 0.8388
0.642 0.6431 0.6475
0.1139 0.4849 0.7286
0.1633 0.3373 0.9371
0.1508 0.485 0.8388
0.1139 0.4849 0.7286
0.1508 0.485 0.8388
0.142 0.6431 0.6475
0.7174 0.9995 0.0905
0.8227 0.9879 0.3476
0.9024 0.9879 0.2966
0.88 0.8946 0.3122
0.9024 0.9879 0.2966
0.8227 0.9879 0.3476
0.7414 0.3362 1.2793
0.7401 0.1964 1.2997
0.7611 0.1966 1.3446
0.7611 0.0718 1.2972
0.7611 0.1966 1.3446
0.7401 0.1964 1.2997
0.2611 0.9988 0.1841
0.151 0.9948 0.2937
0.2174 0.9879 0.3706
0.2174 0.8887 0.3748
0.2174 0.9879 0.3706
0.151 0.9948 0.2937
-0.0033 0.0052 0.5712
0.1147 0.0006 0.6726
0.1294 0.0212 0.7122
0.2011 0.0211 1.0688
0.1294 0.0212 0.7122
0.1338 0.0006 0.7266
0.7853 0.0005 1.1867
0.8203 0.0005 1.031
0.8239 0.0211 1.0222
0.8239 0.0211 1.0222
0.8317 0.0052 0.9969
0.8765 0.1705 0.8904
-0.0784 0.0574 0.6338
0.1159 0.0555 0.593
0.113 0.0574 0.6715
0.1159 0.0555 0.593
0.1503 0.1986 0.8541
0.113 0.0574 0.6715
0.4215 0.0574 0.6338
0.6159 0.0555 0.593
0.613 0.0574 0.6715
0.6159 0.0555 0.593
0.6503 0.1986 0.8541
0.613 0.0574 0.6715
0.3223 0.6431 0.8261
0.2415 0.6431 0.9694
0.2611 0.6431 0.9922
0.2611 0.6431 0.9922
0.2415 0.6431 0.9694
0.2414 0.3362 1.2793
0.3239 0.0211 1.0222
0.3317 0.0052 0.9969
0.3765 0.1705 0.8904
0.2853 0.0005 1.1867
0.3317 0.0052 0.9969
0.3239 0.0211 1.0222
0.7509 0.4861 1.2307
0.7318 0.486 1.1857
0.7504 0.2476 1.378
0.7318 0.486 1.1857
0.7509 0.4861 1.2307
0.7509 0.6581 1.0176
0.2509 0.4861 1.2307
0.2318 0.486 1.1857
0.2504 0.2476 1.378
0.2318 0.486 1.1857
0.2509 0.4861 1.2307
0.2509 0.6581 1.0176
0.6147 0.0006 0.6725
0.4967 0.0052 0.5712
0.6267 0.0107 0.557
0.6267 0.0107 0.557
0.6338 0.0006 0.7266
0.6147 0.0006 0.6725
0.6753 0.656 0.7416
0.718 0.6557 0.8896
0.7025 0.6559 0.8448
0.7043 0.4848 1.0519
0.7025 0.6559 0.8448
0.718 0.6557 0.8896
0.2043 0.4848 1.0519
0.2025 0.6559 0.8448
0.218 0.6557 0.8896
0.1753 0.656 0.7416
0.218 0.6557 0.8896
0.2025 0.6559 0.8448
0.2084 0.1979 1.1333
0.2006 0.3367 1.1179
0.1987 0.2639 1.119
0.1987 0.2639 1.119
0.2025 0.0567 1.0313
0.2084 0.1979 1.1333
0.6987 0.2639 1.119
0.7025 0.0567 1.0313
0.7084 0.1979 1.1333
0.7084 0.1979 1.1333
0.7006 0.3367 1.1179
0.6987 0.2639 1.119
0.4742 0.3371 0.6891
0.3835 0.3374 0.8515
0.391 0.2647 0.8245
0.3809 0.1986 0.8012
0.391 0.2647 0.8245
0.3835 0.3374 0.8515
0.9742 0.3371 0.6891
0.8835 0.3374 0.8515
0.891 0.2647 0.8245
0.8809 0.1986 0.8012
0.891 0.2647 0.8245
0.8835 0.3374 0.8515
0.1515 0.6583 0.7089
0.1727 0.6662 0.7563
0.1509 0.6967 0.3162
0.1727 0.6662 0.7563
0.1515 0.6583 0.7089
0.1705 0.4871 0.9368
0.6727 0.6662 0.7563
0.6515 0.6583 0.7089
0.6705 0.4871 0.9368
0.6515 0.6583 0.7089
0.6727 0.6662 0.7563
0.6509 0.6967 0.3162
0.4361 0.8464 0.1985
0.3643 0.8464 0.2241
0.349 0.8735 0.2646
0.4349 0.6909 0.2335
0.3643 0.8464 0.2241
0.4361 0.8464 0.1985
0.7268 0.6966 0.3011
0.6913 0.6832 0.3367
0.7155 0.8464 0.2599
0.8486 0.6854 0.2937
0.6913 0.6832 0.3367
0.7268 0.6966 0.3011
0.2611 0.1966 1.3446
0.2611 0.3361 1.3127
0.2414 0.3362 1.2793
0.2414 0.3362 1.2793
0.2611 0.3361 1.3127
0.2611 0.6431 0.9922
0.7414 0.3362 1.2793
0.7611 0.3361 1.3127
0.7611 0.6431 0.9922
0.7611 0.1966 1.3446
0.7611 0.3361 1.3127
0.7414 0.3362 1.2793
0.3245 0.1972 1.0926
0.3314 0.0594 0.9851
0.3202 0.0553 1.0257
0.3314 0.0594 0.9851
0.4068 0.0561 0.633
0.3224 0.0543 0.8912
0.2268 0.6966 0.3011
0.1913 0.6832 0.3367
0.2155 0.8464 0.2599
0.3486 0.6854 0.2937
0.1913 0.6832 0.3367
0.2268 0.6966 0.3011
0.3403 0.9879 0.3353
0.4266 0.9981 0.1746
0.2756 0.9948 0.3329
0.4266 0.9981 0.1746
0.3403 0.9879 0.3353
0.5865 0.9879 0.2914
0.1024 0.6909 0.2468
0.0212 0.683 0.2526
0.1506 0.7259 0.2519
0.1506 0.7259 0.2519
0.1913 0.6832 0.3367
0.1024 0.6909 0.2468
0.6506 0.7259 0.2519
0.6913 0.6832 0.3367
0.6024 0.6909 0.2468
0.6024 0.6909 0.2468
0.5212 0.683 0.2526
0.6506 0.7259 0.2519
0.5615 0.8946 0.2846
0.4266 0.8887 0.2891
0.651 0.8887 0.333
0.5865 0.9879 0.2914
0.5615 0.8946 0.2846
0.651 0.8887 0.333
0.2002 0.001 1.0136
0.1938 0.0097 0.8858
0.2492 0.0005 1.2502
0.2002 0.001 1.0136
0.1267 0.0107 0.557
0.1938 0.0097 0.8858
0.7002 0.001 1.0136
0.6267 0.0107 0.557
0.6938 0.0097 0.8858
0.7002 0.001 1.0136
0.6938 0.0097 0.8858
0.7492 0.0005 1.2502
0.7713 0.6581 1.0093
0.7509 0.6581 1.0176
0.7509 0.4861 1.2307
0.7509 0.6581 1.0176
0.7713 0.6581 1.0093
0.8079 0.6581 0.912
0.2509 0.6581 1.0176
0.2713 0.6581 1.0093
0.3079 0.6581 0.912
0.2713 0.6581 1.0093
0.2509 0.6581 1.0176
0.2509 0.4861 1.2307
0.8061 0.3366 1.1687
0.8112 0.4854 1.0059
0.8207 0.3367 1.1048
0.8207 0.3367 1.1048
0.8245 0.1972 1.0926
0.8061 0.3366 1.1687
0.8245 0.1972 1.0926
0.8314 0.0594 0.9851
0.8202 0.0553 1.0257
0.8314 0.0594 0.9851
0.9022 0.0541 0.5954
0.8202 0.0553 1.0257
0.8215 0.2476 1.154
0.8134 0.3292 1.1376
0.8174 0.1704 1.1222
0.8682 0.3294 0.9179
0.8215 0.2476 1.154
0.8174 0.1704 1.1222
0.3215 0.2476 1.154
0.3134 0.3292 1.1376
0.3174 0.1704 1.1222
0.3682 0.3294 0.9179
0.3215 0.2476 1.154
0.3174 0.1704 1.1222
0.0074 0.702 0.26
0.0349 0.8595 0.2573
-0.0475 0.8595 0.2598
-0.12 0.8946 0.3122
-0.0475 0.8595 0.2598
0.0349 0.8595 0.2573
0.9429 0.1033 0.6971
0.9031 0.1033 0.7762
0.9045 0.0212 0.6686
0.9031 0.1033 0.7762
0.9429 0.1033 0.6971
0.8853 0.2476 0.8932
0.4429 0.1033 0.6971
0.4031 0.1033 0.7762
0.4045 0.0212 0.6686
0.4031 0.1033 0.7762
0.4429 0.1033 0.6971
0.3853 0.2476 0.8932
0.651 0.8887 0.333
0.651 0.9948 0.2937
0.5865 0.9879 0.2914
0.4266 0.9981 0.1746
0.5865 0.9879 0.2914
0.651 0.9948 0.2937
0.2713 0.6581 1.0093
0.2713 0.4861 1.2207
0.291 0.486 1.1585
0.2718 0.2476 1.3663
0.291 0.486 1.1585
0.2713 0.4861 1.2207
0.7718 0.2476 1.3663
0.791 0.486 1.1585
0.7713 0.4861 1.2206
0.7713 0.6581 1.0093
0.7713 0.4861 1.2206
0.791 0.486 1.1585
0.3207 0.3367 1.1048
0.3245 0.1972 1.0926
0.3061 0.3366 1.1687
0.3061 0.3366 1.1687
0.3112 0.4854 1.0059
0.3207 0.3367 1.1048
0.8212 0.7259 0.267
0.9349 0.6909 0.2335
0.8486 0.6854 0.2937
0.7268 0.6966 0.3011
0.8212 0.7259 0.267
0.8486 0.6854 0.2937
0.2268 0.6966 0.3011
0.3212 0.7259 0.267
0.3486 0.6854 0.2937
0.3212 0.7259 0.267
0.4349 0.6909 0.2335
0.3486 0.6854 0.2937
0.1983 0.1405 1.1129
0.163 0.3374 0.9421
0.2026 0.2638 1.1597
0.2082 0.1979 1.1387
0.2026 0.2638 1.1597
0.2121 0.3368 1.1431
0.7611 0.3294 1.3631
0.7509 0.4861 1.2307
0.7504 0.2476 1.378
0.7611 0.1705 1.3906
0.7611 0.3294 1.3631
0.7504 0.2476 1.378
0.2611 0.1705 1.3906
0.2611 0.3294 1.3631
0.2504 0.2476 1.378
0.2611 0.3294 1.3631
0.2509 0.4861 1.2307
0.2504 0.2476 1.378
0.6983 0.1405 1.1129
0.663 0.3374 0.9421
0.7026 0.2638 1.1597
0.7082 0.1979 1.1387
0.7026 0.2638 1.1597
0.7121 0.3368 1.1431
0.3202 0.0553 1.0257
0.3103 0.1969 1.1611
0.3245 0.1972 1.0926
0.3061 0.3366 1.1687
0.3245 0.1972 1.0926
0.3103 0.1969 1.1611
0.784 0.8464 0.26
0.8212 0.7259 0.267
0.7611 0.8195 0.268
0.7155 0.8464 0.2599
0.784 0.8464 0.26
0.7611 0.8195 0.268
0.2376 0.0205 1.2693
0.2302 0.2476 1.3134
0.2127 0.2475 1.2469
0.2108 0.3292 1.1821
0.2127 0.2475 1.2469
0.2302 0.2476 1.3134
0.7376 0.0205 1.2693
0.7302 0.2476 1.3134
0.7127 0.2475 1.2469
0.7108 0.3292 1.1821
0.7127 0.2475 1.2469
0.7302 0.2476 1.3134
0.8061 0.3366 1.1687
0.8245 0.1972 1.0926
0.8103 0.1969 1.1611
0.8202 0.0553 1.0257
0.8103 0.1969 1.1611
0.8245 0.1972 1.0926
0.8112 0.4854 1.0059
0.7901 0.6517 0.9197
0.8117 0.6545 0.8353
0.7611 0.6567 0.9415
0.8117 0.6545 0.8353
0.7901 0.6517 0.9197
0.2813 0.3363 1.2624
0.2611 0.3362 1.3158
0.2809 0.4842 1.1449
0.2718 0.1967 1.3248
0.2611 0.3362 1.3158
0.2813 0.3363 1.2624
0.7718 0.1967 1.3248
0.7611 0.3362 1.3158
0.7813 0.3363 1.2624
0.7813 0.3363 1.2624
0.7611 0.3362 1.3158
0.7809 0.4842 1.1449
0.5426 0.726 0.2116
0.5212 0.683 0.2526
0.4349 0.6909 0.2335
0.5426 0.726 0.2116
0.6506 0.7259 0.2519
0.5212 0.683 0.2526
0.0426 0.726 0.2116
0.1506 0.7259 0.2519
0.0212 0.683 0.2526
0.0426 0.726 0.2116
0.0212 0.683 0.2526
-0.0651 0.6909 0.2335
0.3112 0.4854 1.0059
0.2901 0.6517 0.9197
0.3117 0.6545 0.8353
0.2611 0.6567 0.9415
0.3117 0.6545 0.8353
0.2901 0.6517 0.9197
0.8223 0.0554 0.8914
0.9083 0.056 0.5325
0.9216 0.0574 0.6338
-0.0917 0.056 0.5325
0.1159 0.0555 0.593
-0.0784 0.0574 0.6338
0.1159 0.0555 0.593
0.2006 0.056 0.9054
0.137 0.0569 0.7381
0.1503 0.1986 0.8541
0.1159 0.0555 0.593
0.137 0.0569 0.7381
0.6503 0.1986 0.8541
0.6159 0.0555 0.593
0.637 0.0569 0.7381
0.6159 0.0555 0.593
0.7006 0.056 0.9054
0.637 0.0569 0.7381
0.9361 0.8464 0.1985
0.8643 0.8464 0.2241
0.8806 0.8733 0.2227
0.9349 0.6909 0.2335
0.8643 0.8464 0.2241
0.9361 0.8464 0.1985
0.8436 0.4847 0.9075
0.8354 0.6375 0.7343
0.8179 0.6375 0.8023
0.7151 0.6374 0.844
0.8179 0.6375 0.8023
0.8354 0.6375 0.7343
0.3143 0.6693 0.8264
0.3364 0.6583 0.8122
0.3455 0.6711 0.7099
0.3455 0.6711 0.7099
0.3364 0.6583 0.8122
0.3579 0.4871 0.8831
0.3223 0.6431 0.8261
0.3354 0.6375 0.7343
0.2415 0.6431 0.9694
0.3436 0.4847 0.9075
0.3354 0.6375 0.7343
0.3223 0.6431 0.8261
0.2142 0.6699 0.8627
0.1918 0.6654 0.8315
0.2022 0.6584 0.9021
0.2022 0.6584 0.9021
0.1918 0.6654 0.8315
0.1705 0.4871 0.9368
0.7142 0.6699 0.8627
0.6918 0.6654 0.8315
0.7022 0.6584 0.9021
0.7022 0.6584 0.9021
0.6918 0.6654 0.8315
0.6705 0.4871 0.9368
0.127 0.055 0.5512
0.1143 0.0556 0.67
0.1251 0.0562 0.665
0.127 0.055 0.5512
0.1251 0.0562 0.665
0.2005 0.0549 0.9054
0.6515 0.6583 0.7089
0.5212 0.6586 0.5111
0.5807 0.6585 0.5532
0.5807 0.6585 0.5532
0.5212 0.6586 0.5111
0.5212 0.4862 0.6525
0.7005 0.0549 0.9054
0.6943 0.0595 1.034
0.7611 0.0553 1.2585
0.6943 0.0595 1.034
0.7005 0.0549 0.9054
0.6251 0.0562 0.665
0.3593 0.8946 0.3255
0.38 0.8595 0.2891
0.5074 0.8595 0.2545
0.38 0.8595 0.2891
0.2906 0.8595 0.3432
0.5074 0.8595 0.2545
0.1515 0.6583 0.7089
0.0212 0.6586 0.5111
0.0807 0.6585 0.5532
0.0807 0.6585 0.5532
0.0212 0.6586 0.5111
0.0212 0.4862 0.6525
0.5074 0.8595 0.2545
0.4266 0.702 0.2733
0.5615 0.702 0.2693
0.5212 0.8464 0.1919
0.6013 0.8464 0.2098
0.5426 0.726 0.2116
0.6013 0.8464 0.2098
0.5212 0.8464 0.1919
0.5425 0.8733 0.1996
0.1013 0.8464 0.2098
0.0212 0.8464 0.1919
0.0827 0.8735 0.2328
0.0212 0.8464 0.1919
0.1013 0.8464 0.2098
0.0426 0.726 0.2116
0.9525 0.8595 0.2598
0.7906 0.702 0.3507
0.88 0.702 0.2954
0.7611 0.1705 1.3906
0.7611 0.0205 1.3262
0.7718 0.2476 1.3663
0.7718 0.2476 1.3663
0.7611 0.3294 1.3631
0.7611 0.1705 1.3906
0.2718 0.2476 1.3663
0.2611 0.3294 1.3631
0.2611 0.1705 1.3906
0.2611 0.1705 1.3906
0.2611 0.0205 1.3262
0.2718 0.2476 1.3663
0.2756 0.9948 0.3329
0.4266 0.9981 0.1746
0.2611 0.9988 0.1841
0.2611 0.9988 0.1841
0.2174 0.9879 0.3706
0.2756 0.9948 0.3329
0.4215 0.0574 0.6338
0.3316 0.0573 0.9723
0.3223 0.0554 0.8914
0.2854 0.0564 1.1763
0.3223 0.0554 0.8914
0.3316 0.0573 0.9723
0.8062 0.8595 0.3351
0.88 0.8946 0.3122
0.8062 0.8915 0.3493
0.8062 0.8595 0.3351
0.8062 0.8915 0.3493
0.7322 0.8915 0.3661
0.6251 0.0562 0.665
0.6339 0.0551 0.7241
0.6943 0.0595 1.034
0.6339 0.0551 0.7241
0.6251 0.0562 0.665
0.65 0.1985 0.8587
0.7611 0.6431 0.9922
0.7415 0.6431 0.9694
0.7414 0.3362 1.2793
0.7415 0.6431 0.9694
0.7611 0.6431 0.9922
0.7151 0.6374 0.844
0.7302 0.2476 1.3134
0.7376 0.0205 1.2693
0.7492 0.0005 1.2502
0.7002 0.001 1.0136
0.7492 0.0005 1.2502
0.7376 0.0205 1.2693
0.2002 0.001 1.0136
0.2492 0.0005 1.2502
0.2376 0.0205 1.2693
0.2302 0.2476 1.3134
0.2376 0.0205 1.2693
0.2492 0.0005 1.2502
0.2011 0.1705 1.1847
0.2033 0.2476 1.205
0.1614 0.3294 0.9762
0.2011 0.1705 1.1847
0.2108 0.3292 1.1821
0.2033 0.2476 1.205
0.7011 0.1705 1.1847
0.7108 0.3292 1.1821
0.7033 0.2476 1.205
0.7011 0.1705 1.1847
0.7033 0.2476 1.205
0.6614 0.3294 0.9762
0.8207 0.0097 0.8914
0.9216 0.0104 0.5369
0.9085 0.0011 0.6216
0.9216 0.0104 0.5369
0.9967 0.0052 0.5712
0.9085 0.0011 0.6216
0.2005 0.0549 0.9054
0.1941 0.0555 1.0155
0.2611 0.0553 1.2585
0.1941 0.0555 1.0155
0.2005 0.0549 0.9054
0.1251 0.0562 0.665
0.6285 0.659 0.577
0.5536 0.653 0.4925
0.4887 0.6589 0.4622
0.5212 0.4851 0.6156
0.4887 0.6589 0.4622
0.5536 0.653 0.4925
0.0212 0.4851 0.6156
-0.0113 0.6589 0.4622
0.0536 0.653 0.4925
0.1285 0.659 0.577
0.0536 0.653 0.4925
-0.0113 0.6589 0.4622
0.8143 0.6693 0.8264
0.8079 0.6581 0.912
0.8128 0.487 1.0461
0.8079 0.6581 0.912
0.8143 0.6693 0.8264
0.7509 0.6581 1.0176
0.7854 0.0564 1.1763
0.8223 0.0554 0.8914
0.8316 0.0573 0.9723
0.9216 0.0574 0.6338
0.8316 0.0573 0.9723
0.8223 0.0554 0.8914
0.9567 0.8733 0.1997
0.8806 0.8733 0.2227
0.88 0.6967 0.2968
0.8806 0.8733 0.2227
0.9567 0.8733 0.1997
0.9361 0.8464 0.1985
0.349 0.8735 0.2646
0.3211 0.8733 0.2515
0.2962 0.7012 0.345
0.3211 0.8733 0.2515
0.349 0.8735 0.2646
0.3643 0.8464 0.2241
0.7271 0.8733 0.2699
0.7724 0.8733 0.27
0.784 0.8464 0.26
0.7724 0.8733 0.27
0.7271 0.8733 0.2699
0.7728 0.6921 0.3859
0.3207 0.0097 0.8914
0.4216 0.0104 0.5369
0.4085 0.0011 0.6216
0.4216 0.0104 0.5369
0.4967 0.0052 0.5712
0.4085 0.0011 0.6216
0.9022 0.0541 0.5954
0.8314 0.0594 0.9851
0.9068 0.0561 0.633
-0.0978 0.0541 0.5954
-0.0932 0.0561 0.633
0.0565 0.0555 0.5744
0.3143 0.6693 0.8264
0.3079 0.6581 0.912
0.3128 0.487 1.0461
0.3079 0.6581 0.912
0.3143 0.6693 0.8264
0.2509 0.6581 1.0176
0.6486 0.1706 0.8842
0.6294 0.0212 0.7122
0.6338 0.0006 0.7266
0.6338 0.0006 0.7266
0.6294 0.0212 0.7122
0.6147 0.0006 0.6725
0.5639 0.6948 0.275
0.6187 0.8733 0.2224
0.5425 0.8733 0.1996
0.5425 0.8733 0.1996
0.6187 0.8733 0.2224
0.6013 0.8464 0.2098
0.2011 0.1705 1.1847
0.2011 0.0211 1.0688
0.2066 0.0516 1.1662
0.2011 0.0211 1.0688
0.2002 0.001 1.0136
0.2066 0.0516 1.1662
0.7011 0.0211 1.0688
0.7002 0.001 1.0136
0.7066 0.0516 1.1662
0.7011 0.1705 1.1847
0.7011 0.0211 1.0688
0.7066 0.0516 1.1662
0.2006 0.056 0.9054
0.2854 0.0564 1.1763
0.2025 0.0567 1.0313
0.2025 0.0567 1.0313
0.137 0.0569 0.7381
0.2006 0.056 0.9054
0.7151 0.6374 0.844
0.6826 0.6431 0.7711
0.6765 0.5501 0.8486
0.6826 0.6431 0.7711
0.6508 0.485 0.8388
0.6765 0.5501 0.8486
0.1509 0.6967 0.3162
0.2271 0.8733 0.2699
0.1784 0.8733 0.2513
0.1784 0.8733 0.2513
0.2271 0.8733 0.2699
0.2155 0.8464 0.2599
0.2026 0.6431 0.863
0.188 0.6375 0.7571
0.1765 0.5501 0.8486
0.188 0.6375 0.7571
0.1508 0.485 0.8388
0.1765 0.5501 0.8486
0.7006 0.056 0.9054
0.7854 0.0564 1.1763
0.7025 0.0567 1.0313
0.7025 0.0567 1.0313
0.637 0.0569 0.7381
0.7006 0.056 0.9054
0.3224 0.0543 0.8912
0.3202 0.0553 1.0257
0.3314 0.0594 0.9851
0.3202 0.0553 1.0257
0.3224 0.0543 0.8912
0.2611 0.0553 1.2585
0.3211 0.8733 0.2515
0.2728 0.6921 0.3859
0.2962 0.7012 0.345
0.2728 0.6921 0.3859
0.3143 0.6693 0.8264
0.2962 0.7012 0.345
0.2906 0.8595 0.3432
0.2174 0.702 0.3542
0.3062 0.702 0.3424
0.7082 0.1979 1.1387
0.6983 0.1405 1.1129
0.7026 0.2638 1.1597
0.6983 0.1405 1.1129
0.7082 0.1979 1.1387
0.6943 0.0595 1.034
0.2082 0.1979 1.1387
0.1983 0.1405 1.1129
0.2026 0.2638 1.1597
0.1983 0.1405 1.1129
0.2082 0.1979 1.1387
0.1941 0.0555 1.0155
0.2271 0.8733 0.2699
0.1509 0.6967 0.3162
0.2033 0.6967 0.3495
0.1509 0.6967 0.3162
0.2142 0.6699 0.8627
0.2033 0.6967 0.3495
0.4525 0.9879 0.2778
0.3593 0.8946 0.3255
0.4266 0.8887 0.2891
0.5074 0.8595 0.2545
0.4266 0.8887 0.2891
0.3593 0.8946 0.3255
0.7415 0.6516 0.9608
0.718 0.6557 0.8896
0.7611 0.6567 0.9415
0.7416 0.4842 1.1629
0.7415 0.6516 0.9608
0.7611 0.6567 0.9415
0.2416 0.4842 1.1629
0.2415 0.6516 0.9609
0.2611 0.6567 0.9415
0.2415 0.6516 0.9609
0.218 0.6557 0.8896
0.2611 0.6567 0.9415
-0.0978 0.0541 0.5954
0.0565 0.0555 0.5744
0.1143 0.0556 0.67
0.0565 0.0555 0.5744
-0.0286 0.141 0.6389
0.1143 0.0556 0.67
0.7728 0.6921 0.3859
0.8143 0.6693 0.8264
0.7962 0.7012 0.345
0.7724 0.8733 0.27
0.7728 0.6921 0.3859
0.7962 0.7012 0.345
0.3161 0.1979 1.0887
0.3316 0.0573 0.9723
0.3265 0.2639 1.0687
0.3265 0.2639 1.0687
0.3244 0.3367 1.0689
0.3161 0.1979 1.0887
0.0349 0.8595 0.2573
0.0074 0.702 0.26
0.1098 0.702 0.2897
0.6098 0.8614 0.2893
0.651 0.8887 0.333
0.5349 0.8891 0.2776
0.5349 0.8891 0.2776
0.5074 0.8595 0.2545
0.6098 0.8614 0.2893
0.4185 0.0724 0.6635
0.5565 0.0555 0.5744
0.4068 0.0561 0.633
0.3812 0.1985 0.8055
0.4185 0.0724 0.6635
0.4068 0.0561 0.633
0.65 0.1985 0.8587
0.6251 0.0562 0.665
0.617 0.0724 0.7049
0.617 0.0724 0.7049
0.6251 0.0562 0.665
0.5565 0.0555 0.5744
0.8265 0.2639 1.0687
0.8525 0.3368 0.9546
0.8244 0.3367 1.0689
0.8118 0.3367 1.0956
0.8265 0.2639 1.0687
0.8244 0.3367 1.0689
0.8143 0.6693 0.8264
0.8364 0.6583 0.8122
0.8457 0.6617 0.7513
0.8457 0.6617 0.7513
0.8364 0.6583 0.8122
0.8579 0.4871 0.8831
0.2611 0.1966 1.3481
0.2611 0.3362 1.3158
0.2718 0.1967 1.3248
0.2611 0.0553 1.2585
0.2611 0.1966 1.3481
0.2718 0.1967 1.3248
0.7611 0.1966 1.3481
0.7611 0.3362 1.3158
0.7718 0.1967 1.3248
0.7611 0.0553 1.2585
0.7611 0.1966 1.3481
0.7718 0.1967 1.3248
0.8203 0.0005 1.031
0.8207 0.0097 0.8914
0.8317 0.0052 0.9969
0.8203 0.0005 1.031
0.8317 0.0052 0.9969
0.8239 0.0211 1.0222
0.2906 0.8595 0.3432
0.2466 0.8946 0.3814
0.2174 0.8887 0.3748
0.2174 0.9879 0.3706
0.2174 0.8887 0.3748
0.2466 0.8946 0.3814
0.1147 0.0006 0.6726
0.1267 0.0107 0.557
0.1338 0.0006 0.7266
0.1147 0.0006 0.6726
0.1338 0.0006 0.7266
0.1294 0.0212 0.7122
-0.0203 0.8946 0.2758
-0.12 0.8946 0.3122
0.0615 0.8946 0.2846
0.0615 0.9879 0.2817
-0.0203 0.8946 0.2758
0.0615 0.8946 0.2846
