24
-1.46741 0.142334 5.04958
-3.38741 0.142334 5.04958
-3.38741 2.28234 5.04958
-1.46741 2.28234 5.04957
-1.46741 0.142334 5.04958
-3.38741 2.28234 5.04958
3.98417 1.12954 4.47869
3.98417 1.12954 -4.70131
3.98418 3.36954 -4.70131
3.98418 3.36954 4.47869
3.98417 1.12954 4.47869
3.98418 3.36954 -4.70131
-20.9724 0 -20.9724
-20.9724 0 20.9724
20.9724 0 20.9724
20.9724 0 -20.9724
-20.9724 0 -20.9724
20.9724 0 20.9724
2.85851 0.142334 5.04958
0.938511 0.142334 5.04958
0.938511 2.28234 5.04958
2.85851 2.28234 5.04957
2.85851 0.142334 5.04958
0.938511 2.28234 5.04958
