150
-1 0 0
-1 0 0
-1 0 0
0 0 -1
0 0 -1
0 0 -1
1 0 0
1 0 0
1 0 0
0 0 1
0 0 1
0 0 1
0 -1 0
0 -1 0
0 -1 0
0 1 0
0 1 0
0 1 0
-1 0 0
-1 0 0
-1 0 0
0 0 -1
0 0 -1
0 0 -1
1 0 0
1 0 0
1 0 0
0 0 1
0 0 1
0 0 1
0 -1 0
0 -1 0
0 -1 0
0 1 0
0 1 0
0 1 0
0.012451 0 -0.999922
0.012451 0 -0.999922
0.012451 0 -0.999922
0.999922 0 0.012451
0.999922 0 0.012451
0.999922 0 0.012451
-0.01245 0 0.999922
-0.01245 0 0.999922
-0.01245 0 0.999922
-0.999922 0 -0.012451
-0.999922 0 -0.012451
-0.999922 0 -0.012451
0 -1 0
0 -1 0
0 -1 0
0 1 0
0 1 0
0 1 0
0.012451 0 -0.999922
0.012451 0 -0.999922
0.012451 0 -0.999922
0.999922 0 0.012451
0.999922 0 0.012451
0.999922 0 0.012451
-0.012451 0 0.999922
-0.012451 0 0.999922
-0.012451 0 0.999922
-0.999922 0 -0.012451
-0.999922 0 -0.012451
-0.999922 0 -0.012451
0 -1 0
0 -1 0
0 -1 0
0 1 0
0 1 0
0 1 0
-1 0 0
-1 0 0
-1 0 0
0 0 -1
0 0 -1
0 0 -1
1 0 0
1 0 0
1 0 0
0 0 1
0 0 1
0 0 1
0 -1 0
0 -1 0
0 -1 0
0 1 0
0 1 0
0 1 0
-1 0 0
-1 0 0
-1 0 0
0 0 -1
0 0 -1
0 0 -1
1 0 0
1 0 0
1 0 0
0 0 1
0 0 1
0 0 1
0 -1 0
0 -1 0
0 -1 0
0 1 0
0 1 0
0 1 0
-1 0 0
-1 0 0
-1 0 0
0 0 -1
0 0 -1
0 0 -1
1 0 0
1 0 0
1 0 0
0 0 1
0 0 1
0 0 1
0 -1 0
0 -1 0
0 -1 0
0 1 0
0 1 0
0 1 0
-1 0 0
-1 0 0
-1 0 0
0 0 -1
0 0 -1
0 0 -1
1 0 0
1 0 0
1 0 0
0 0 1
0 0 1
0 0 1
0 -1 0
0 -1 0
0 -1 0
0 1 0
0 1 0
0 1 0
0 1 0
0 1 0
0 1 0
0 1 0
0 1 0
0 1 0
