150
-0.093776 1.44589 -4.09201
-0.093776 1.2702 -4.09201
-0.093776 1.2702 -0.534298
0.906386 1.44589 -4.09201
0.906386 1.2702 -4.09201
-0.093776 1.2702 -4.09201
0.906386 1.44589 -0.534298
0.906386 1.2702 -0.534298
0.906386 1.2702 -4.09201
-0.093776 1.44589 -0.534298
-0.093776 1.2702 -0.534298
0.906386 1.2702 -0.534298
-0.093776 1.2702 -4.09201
0.906386 1.2702 -4.09201
0.906386 1.2702 -0.534298
0.906386 1.44589 -4.09201
-0.093776 1.44589 -4.09201
-0.093776 1.44589 -0.534298
-0.093776 1.44589 -0.534298
-0.093776 1.44589 -4.09201
-0.093776 1.2702 -0.534298
-0.093776 1.44589 -4.09201
0.906386 1.44589 -4.09201
-0.093776 1.2702 -4.09201
0.906386 1.44589 -4.09201
0.906386 1.44589 -0.534298
0.906386 1.2702 -4.09201
0.906386 1.44589 -0.534298
-0.093776 1.44589 -0.534298
0.906386 1.2702 -0.534298
-0.093776 1.2702 -0.534298
-0.093776 1.2702 -4.09201
0.906386 1.2702 -0.534298
0.906386 1.44589 -0.534298
0.906386 1.44589 -4.09201
-0.093776 1.44589 -0.534298
-0.351964 1.4326 -0.039304
-0.351964 1.2569 -0.039304
-1.30523 1.2569 -0.051174
-0.364416 1.4326 0.960709
-0.364416 1.2569 0.960709
-0.351964 1.2569 -0.039304
-1.31768 1.4326 0.948839
-1.31768 1.2569 0.948839
-0.364416 1.2569 0.960709
-1.30523 1.4326 -0.051174
-1.30523 1.2569 -0.051174
-1.31768 1.2569 0.948839
-0.351964 1.2569 -0.039304
-0.364416 1.2569 0.960709
-1.31768 1.2569 0.948839
-0.364416 1.4326 0.960709
-0.351964 1.4326 -0.039304
-1.30523 1.4326 -0.051174
-1.30523 1.4326 -0.051174
-0.351964 1.4326 -0.039304
-1.30523 1.2569 -0.051174
-0.351964 1.4326 -0.039304
-0.364416 1.4326 0.960709
-0.351964 1.2569 -0.039304
-0.364416 1.4326 0.960709
-1.31768 1.4326 0.948839
-0.364416 1.2569 0.960709
-1.31768 1.4326 0.948839
-1.30523 1.4326 -0.051174
-1.31768 1.2569 0.948839
-1.30523 1.2569 -0.051174
-0.351964 1.2569 -0.039304
-1.31768 1.2569 0.948839
-1.31768 1.4326 0.948839
-0.364416 1.4326 0.960709
-1.30523 1.4326 -0.051174
-3.94935 1.41817 0.149813
-3.94935 1.24247 0.149813
-3.94935 1.24247 3.70753
-2.94919 1.41817 0.149813
-2.94919 1.24247 0.149813
-3.94935 1.24247 0.149813
-2.94919 1.41817 3.70753
-2.94919 1.24247 3.70753
-2.94919 1.24247 0.149813
-3.94935 1.41817 3.70753
-3.94935 1.24247 3.70753
-2.94919 1.24247 3.70753
-3.94935 1.24247 0.149813
-2.94919 1.24247 0.149813
-2.94919 1.24247 3.70753
-2.94919 1.41817 0.149813
-3.94935 1.41817 0.149813
-3.94935 1.41817 3.70753
-3.94935 1.41817 3.70753
-3.94935 1.41817 0.149813
-3.94935 1.24247 3.70753
-3.94935 1.41817 0.149813
-2.94919 1.41817 0.149813
-3.94935 1.24247 0.149813
-2.94919 1.41817 0.149813
-2.94919 1.41817 3.70753
-2.94919 1.24247 0.149813
-2.94919 1.41817 3.70753
-3.94935 1.41817 3.70753
-2.94919 1.24247 3.70753
-3.94935 1.24247 3.70753
-3.94935 1.24247 0.149813
-2.94919 1.24247 3.70753
-2.94919 1.41817 3.70753
-2.94919 1.41817 0.149813
-3.94935 1.41817 3.70753
-3.93675 2.38813 0.150419
-3.93675 2.21243 0.150419
-3.93675 2.21243 4.62124
-2.93658 2.38813 0.150419
-2.93658 2.21243 0.150419
-3.93675 2.21243 0.150419
-2.93658 2.38813 4.62124
-2.93658 2.21243 4.62124
-2.93658 2.21243 0.150419
-3.93675 2.38813 4.62124
-3.93675 2.21243 4.62124
-2.93658 2.21243 4.62124
-3.93675 2.21243 0.150419
-2.93658 2.21243 0.150419
-2.93658 2.21243 4.62124
-2.93658 2.38813 0.150419
-3.93675 2.38813 0.150419
-3.93675 2.38813 4.62124
-3.93675 2.38813 4.62124
-3.93675 2.38813 0.150419
-3.93675 2.21243 4.62124
-3.93675 2.38813 0.150419
-2.93658 2.38813 0.150419
-3.93675 2.21243 0.150419
-2.93658 2.38813 0.150419
-2.93658 2.38813 4.62124
-2.93658 2.21243 0.150419
-2.93658 2.38813 4.62124
-3.93675 2.38813 4.62124
-2.93658 2.21243 4.62124
-3.93675 2.21243 4.62124
-3.93675 2.21243 0.150419
-2.93658 2.21243 4.62124
-2.93658 2.38813 4.62124
-2.93658 2.38813 0.150419
-3.93675 2.38813 4.62124
-20.9724 0 -20.9724
-20.9724 0 20.9724
20.9724 0 20.9724
20.9724 0 -20.9724
-20.9724 0 -20.9724
20.9724 0 20.9724
